 -2.947738E-03
 -2.931319E-03
 -2.915017E-03
 -2.898787E-03
 -2.882734E-03
 -2.867076E-03
 -2.852272E-03
 -2.839193E-03
 -2.829100E-03
 -2.823782E-03
 -2.826367E-03
 -2.841606E-03
 -2.875224E-03
 -2.931265E-03
 -3.011382E-03
 -3.113942E-03
 -3.219824E-03
 -3.304142E-03
 -3.355648E-03
 -3.389568E-03
 -3.432592E-03
 -3.498439E-03
 -3.590183E-03
 -3.704519E-03
 -3.829803E-03
 -3.951290E-03
 -4.038404E-03
 -4.044996E-03
 -3.946927E-03
 -3.749790E-03
 -3.478631E-03
 -3.150294E-03
 -2.749200E-03
 -2.145061E-03
 -1.165429E-03
  1.563163E-04
  1.566262E-03
  2.721592E-03
  3.504610E-03
  4.050235E-03
  4.591111E-03
  5.397149E-03
  6.781624E-03
  8.812320E-03
  1.094693E-02
  1.212063E-02
  1.182804E-02
  9.957034E-03
  6.182535E-03
  1.324823E-03
 -2.754996E-03
 -3.928116E-03
 -1.541473E-03
  3.169739E-03
  8.306517E-03
  1.267213E-02
  1.616621E-02
  1.933101E-02
  2.282656E-02
  2.710521E-02
  3.241128E-02
  3.859576E-02
  4.343542E-02
  4.428180E-02
  4.075059E-02
  3.388973E-02
  2.501445E-02
  1.554426E-02
  6.175809E-03
 -4.310636E-03
 -1.803340E-02
 -3.789946E-02
 -6.336848E-02
 -8.746993E-02
 -1.054438E-01
 -1.155778E-01
 -1.178782E-01
 -1.151070E-01
 -1.109473E-01
 -1.068257E-01
 -9.884901E-02
 -8.224397E-02
 -5.465586E-02
 -1.906586E-02
  1.962689E-02
  5.786536E-02
  9.283009E-02
  1.211066E-01
  1.395797E-01
  1.488254E-01
  1.490517E-01
  1.415658E-01
  1.296373E-01
  1.148903E-01
  9.381005E-02
  6.099082E-02
  1.647928E-02
 -3.314972E-02
 -7.601505E-02
 -1.041022E-01
 -1.193703E-01
 -1.280762E-01
 -1.316269E-01
 -1.295038E-01
 -1.228239E-01
 -1.136399E-01
 -1.036118E-01
 -9.212361E-02
 -7.584244E-02
 -5.262912E-02
 -2.129210E-02
  1.717280E-02
  6.029795E-02
  1.053522E-01
  1.504646E-01
  1.922143E-01
  2.226567E-01
  2.392558E-01
  2.465968E-01
  2.496046E-01
  2.491486E-01
  2.455040E-01
  2.393935E-01
  2.293091E-01
  2.116455E-01
  1.900268E-01
  1.712398E-01
  1.581878E-01
  1.482165E-01
  1.337560E-01
  1.084232E-01
  6.815260E-02
  8.690316E-03
 -6.803426E-02
 -1.423125E-01
 -1.979289E-01
 -2.340978E-01
 -2.544737E-01
 -2.553092E-01
 -2.384074E-01
 -2.098731E-01
 -1.725555E-01
 -1.319747E-01
 -9.891362E-02
 -7.978405E-02
 -7.804882E-02
 -9.071873E-02
 -1.099688E-01
 -1.252897E-01
 -1.221793E-01
 -9.614488E-02
 -5.669014E-02
 -1.736558E-02
  9.521404E-03
  1.879161E-02
  1.535022E-02
  8.336961E-03
  4.730295E-03
  6.837947E-03
  1.810805E-02
  4.527358E-02
  8.598305E-02
  1.304412E-01
  1.700212E-01
  1.977586E-01
  2.124307E-01
  2.182498E-01
  2.120354E-01
  1.887993E-01
  1.485550E-01
  9.573590E-02
  3.199171E-02
 -3.866307E-02
 -1.048290E-01
 -1.558340E-01
 -1.807339E-01
 -1.805755E-01
 -1.669478E-01
 -1.534804E-01
 -1.517140E-01
 -1.645711E-01
 -1.863863E-01
 -2.038479E-01
 -1.970903E-01
 -1.601931E-01
 -1.055260E-01
 -5.258521E-02
 -1.254631E-02
  1.428816E-02
  3.296711E-02
  4.994960E-02
  6.975663E-02
  9.395832E-02
  1.253541E-01
  1.651695E-01
  2.087256E-01
  2.493303E-01
  2.758499E-01
  2.697893E-01
  2.285793E-01
  1.587398E-01
  6.554358E-02
 -4.380289E-02
 -1.434040E-01
 -2.155243E-01
 -2.390933E-01
 -2.031906E-01
 -1.333991E-01
 -6.638865E-02
 -2.174110E-02
 -5.021105E-03
 -1.699640E-02
 -4.757644E-02
 -8.245870E-02
 -1.119412E-01
 -1.263122E-01
 -1.104368E-01
 -6.450870E-02
 -1.029568E-03
  7.229628E-02
  1.459105E-01
  2.010293E-01
  2.315278E-01
  2.446676E-01
  2.426982E-01
  2.252919E-01
  1.970306E-01
  1.632077E-01
  1.270590E-01
  8.948158E-02
  4.801997E-02
  9.117032E-03
 -1.490596E-02
 -2.138939E-02
 -1.683679E-02
 -1.150627E-02
 -1.971366E-02
 -4.869829E-02
 -9.273070E-02
 -1.385905E-01
 -1.763902E-01
 -2.044826E-01
 -2.261698E-01
 -2.361624E-01
 -2.246185E-01
 -1.925574E-01
 -1.493835E-01
 -1.041078E-01
 -6.117279E-02
 -2.047536E-02
  2.147814E-02
  6.759348E-02
  1.150092E-01
  1.534985E-01
  1.779483E-01
  1.915165E-01
  2.004779E-01
  2.027187E-01
  1.888647E-01
  1.573174E-01
  1.123791E-01
  5.721238E-02
  1.238411E-02
 -1.824010E-03
  1.386323E-02
  4.472676E-02
  7.157700E-02
  6.522341E-02
  1.085391E-02
 -7.935696E-02
 -1.852742E-01
 -2.975820E-01
 -4.027012E-01
 -4.856746E-01
 -5.464224E-01
 -5.911678E-01
 -6.043571E-01
 -5.724806E-01
 -5.045651E-01
 -4.196382E-01
 -3.307799E-01
 -2.436106E-01
 -1.588435E-01
 -7.609836E-02
 -2.326400E-03
  5.668547E-02
  9.976157E-02
  1.266433E-01
  1.420626E-01
  1.533148E-01
  1.714957E-01
  2.093249E-01
  2.716345E-01
  3.592511E-01
  4.522815E-01
  5.245131E-01
  5.582211E-01
  5.469395E-01
  4.971788E-01
  4.098019E-01
  2.968301E-01
  1.808522E-01
  7.934807E-02
 -4.537754E-03
 -7.625559E-02
 -1.437519E-01
 -2.068482E-01
 -2.591922E-01
 -2.930864E-01
 -2.948988E-01
 -2.637718E-01
 -2.122254E-01
 -1.486418E-01
 -7.205665E-02
  1.301215E-02
  9.828056E-02
  1.808847E-01
  2.651367E-01
  3.472306E-01
  4.122923E-01
  4.529603E-01
  4.630276E-01
  4.430896E-01
  3.925984E-01
  3.112626E-01
  2.198606E-01
  1.402235E-01
  8.394752E-02
  4.798878E-02
  1.980722E-02
 -1.858060E-02
 -7.835662E-02
 -1.531962E-01
 -2.318545E-01
 -3.079260E-01
 -3.712205E-01
 -4.121474E-01
 -4.140646E-01
 -3.726942E-01
 -2.994819E-01
 -2.092262E-01
 -1.133977E-01
 -1.599617E-02
  8.132704E-02
  1.769415E-01
  2.667839E-01
  3.412520E-01
  3.749810E-01
  3.519233E-01
  2.781287E-01
  1.609077E-01
  8.732397E-03
 -1.517064E-01
 -2.976763E-01
 -4.180259E-01
 -5.151794E-01
 -5.901819E-01
 -6.077473E-01
 -5.457303E-01
 -4.225240E-01
 -2.749085E-01
 -1.317378E-01
 -2.691054E-03
  1.170022E-01
  2.368725E-01
  3.636526E-01
  4.905894E-01
  5.925949E-01
  6.547039E-01
  6.583028E-01
  5.976627E-01
  4.935448E-01
  3.732525E-01
  2.557115E-01
  1.471920E-01
  4.350086E-02
 -6.460590E-02
 -1.747930E-01
 -2.639615E-01
 -3.195648E-01
 -3.474150E-01
 -3.480540E-01
 -3.156375E-01
 -2.561294E-01
 -1.818557E-01
 -9.547074E-02
  2.927894E-03
  1.057627E-01
  1.988043E-01
  2.611275E-01
  2.877246E-01
  2.851691E-01
  2.611359E-01
  2.262493E-01
  1.872549E-01
  1.250189E-01
  2.741107E-02
 -9.063060E-02
 -2.111874E-01
 -3.266054E-01
 -4.337514E-01
 -5.220595E-01
 -5.865741E-01
 -6.327781E-01
 -6.525763E-01
 -6.300542E-01
 -5.687493E-01
 -4.872845E-01
 -4.042998E-01
 -3.260498E-01
 -2.475418E-01
 -1.686632E-01
 -9.895216E-02
 -4.947421E-02
 -2.569589E-02
 -2.198402E-02
 -3.140945E-02
 -4.825668E-02
 -6.583335E-02
 -7.155760E-02
 -5.802922E-02
 -2.955655E-02
  5.545496E-03
  4.525848E-02
  9.011649E-02
  1.376091E-01
  1.844414E-01
  2.332539E-01
  2.901624E-01
  3.421690E-01
  3.757677E-01
  3.799836E-01
  3.535847E-01
  3.072116E-01
  2.457463E-01
  1.700555E-01
  8.137791E-02
 -2.464072E-02
 -1.469970E-01
 -2.620551E-01
 -3.439555E-01
 -3.900274E-01
 -4.046098E-01
 -3.847398E-01
 -3.374270E-01
 -2.776291E-01
 -2.223639E-01
 -1.835947E-01
 -1.604973E-01
 -1.441439E-01
 -1.235168E-01
 -8.943096E-02
 -4.215841E-02
  1.029991E-02
  5.907123E-02
  8.515699E-02
  6.606731E-02
  1.806005E-03
 -9.039005E-02
 -1.767722E-01
 -2.319927E-01
 -2.484020E-01
 -2.301133E-01
 -1.931443E-01
 -1.547937E-01
 -1.276188E-01
 -1.218778E-01
 -1.370540E-01
 -1.628881E-01
 -1.854839E-01
 -1.835010E-01
 -1.461918E-01
 -7.947373E-02
  7.828291E-03
  1.071459E-01
  2.204294E-01
  3.462320E-01
  4.712727E-01
  5.817410E-01
  6.660257E-01
  7.265422E-01
  7.624752E-01
  7.544779E-01
  6.998972E-01
  6.078520E-01
  4.955559E-01
  3.942538E-01
  3.212384E-01
  2.720092E-01
  2.384424E-01
  2.365344E-01
  2.782966E-01
  3.514565E-01
  4.255185E-01
  4.771319E-01
  4.914038E-01
  4.636284E-01
  4.076027E-01
  3.408369E-01
  2.489810E-01
  1.100392E-01
 -8.308000E-02
 -3.058063E-01
 -4.934115E-01
 -6.101365E-01
 -6.683501E-01
 -6.891118E-01
 -6.679992E-01
 -6.086313E-01
 -5.271519E-01
 -4.402666E-01
 -3.570019E-01
 -2.830329E-01
 -2.265989E-01
 -1.869627E-01
 -1.609603E-01
 -1.524093E-01
 -1.601415E-01
 -1.773246E-01
 -1.967178E-01
 -2.142586E-01
 -2.249112E-01
 -2.192164E-01
 -1.961890E-01
 -1.631609E-01
 -1.306902E-01
 -1.074006E-01
 -9.429744E-02
 -8.767010E-02
 -9.122025E-02
 -1.096990E-01
 -1.421867E-01
 -1.875632E-01
 -2.425197E-01
 -3.016344E-01
 -3.465596E-01
 -3.359974E-01
 -2.479069E-01
 -9.629079E-02
  8.109603E-02
  2.577450E-01
  4.392470E-01
  6.153022E-01
  7.579566E-01
  8.610808E-01
  9.391496E-01
  9.918670E-01
  9.932825E-01
  9.379911E-01
  8.213027E-01
  6.297233E-01
  4.137577E-01
  2.373626E-01
  1.202665E-01
  3.968176E-02
 -4.323216E-02
 -1.392394E-01
 -2.286394E-01
 -2.962621E-01
 -3.414412E-01
 -3.681293E-01
 -3.801028E-01
 -3.837545E-01
 -3.848792E-01
 -3.846319E-01
 -3.819669E-01
 -3.763528E-01
 -3.668254E-01
 -3.521513E-01
 -3.326023E-01
 -3.022074E-01
 -2.509463E-01
 -1.847885E-01
 -1.235547E-01
 -7.901401E-02
 -5.020589E-02
 -3.310690E-02
 -2.336700E-02
 -1.589128E-02
 -6.275091E-03
  7.752103E-03
  2.325883E-02
  3.121694E-02
  2.651253E-02
  1.155155E-02
 -7.581875E-03
 -2.565901E-02
 -4.047619E-02
 -4.402255E-02
 -1.746047E-02
  4.108063E-02
  1.098871E-01
  1.658962E-01
  1.983392E-01
  2.081991E-01
  2.059414E-01
  2.032782E-01
  2.072936E-01
  2.194668E-01
  2.365095E-01
  2.537385E-01
  2.654344E-01
  2.623908E-01
  2.419468E-01
  2.101071E-01
  1.751947E-01
  1.413071E-01
  1.085095E-01
  7.680598E-02
  5.044243E-02
  3.221982E-02
  2.031202E-02
  1.076558E-02
  1.066134E-03
 -8.113088E-03
 -1.553017E-02
 -1.906951E-02
 -1.425278E-02
 -1.103289E-03
  1.394784E-02
  2.499858E-02
  2.883939E-02
  2.172889E-02
  3.929478E-03
 -2.307987E-02
 -6.366835E-02
 -1.147600E-01
 -1.679306E-01
 -2.212173E-01
 -2.760939E-01
 -3.266719E-01
 -3.681055E-01
 -3.998464E-01
 -4.106620E-01
 -3.912715E-01
 -3.454842E-01
 -2.798647E-01
 -2.044533E-01
 -1.316386E-01
 -6.721082E-02
 -6.387369E-03
  6.331230E-02
  1.500469E-01
  2.457813E-01
  3.233658E-01
  3.692597E-01
  3.859811E-01
  3.793887E-01
  3.600266E-01
  3.385430E-01
  3.195762E-01
  2.966081E-01
  2.607531E-01
  2.004258E-01
  1.121146E-01
  6.428975E-03
 -1.071465E-01
 -2.100765E-01
 -2.810452E-01
 -3.190735E-01
 -3.291481E-01
 -3.041690E-01
 -2.475254E-01
 -1.721929E-01
 -9.091719E-02
 -1.208535E-02
  6.149852E-02
  1.280122E-01
  1.817541E-01
  2.228273E-01
  2.559786E-01
  2.775860E-01
  2.809481E-01
  2.678490E-01
  2.460575E-01
  2.223669E-01
  1.958758E-01
  1.631495E-01
  1.213489E-01
  6.594999E-02
 -1.904868E-03
 -7.066851E-02
 -1.286730E-01
 -1.699558E-01
 -1.955159E-01
 -2.125891E-01
 -2.253930E-01
 -2.262342E-01
 -2.097496E-01
 -1.820539E-01
 -1.560279E-01
 -1.390490E-01
 -1.304803E-01
 -1.254183E-01
 -1.193707E-01
 -1.128998E-01
 -1.098215E-01
 -1.117869E-01
 -1.176721E-01
 -1.252022E-01
 -1.326460E-01
 -1.406707E-01
 -1.512160E-01
 -1.641183E-01
 -1.703212E-01
 -1.584688E-01
 -1.280852E-01
 -8.674319E-02
 -4.143243E-02
  5.748868E-04
  2.422091E-02
  2.200986E-02
  6.965538E-04
 -2.989137E-02
 -6.557111E-02
 -1.018849E-01
 -1.299129E-01
 -1.455726E-01
 -1.524115E-01
 -1.546917E-01
 -1.479824E-01
 -1.281495E-01
 -9.754507E-02
 -6.207915E-02
 -2.796688E-02
  1.592371E-03
  2.736923E-02
  5.244487E-02
  7.965349E-02
  1.104391E-01
  1.501546E-01
  1.919657E-01
  2.214545E-01
  2.341979E-01
  2.355180E-01
  2.327951E-01
  2.277298E-01
  2.187613E-01
  1.994633E-01
  1.668310E-01
  1.303125E-01
  9.949507E-02
  7.877719E-02
  6.931827E-02
  6.757416E-02
  6.806317E-02
  6.684230E-02
  6.282001E-02
  5.675344E-02
  5.002590E-02
  4.385882E-02
  3.838757E-02
  2.999480E-02
  1.522321E-02
 -5.502845E-03
 -2.913308E-02
 -5.123223E-02
 -6.876484E-02
 -8.203943E-02
 -9.320448E-02
 -1.025180E-01
 -1.085619E-01
 -1.112969E-01
 -1.120247E-01
 -1.122407E-01
 -1.128433E-01
 -1.141316E-01
 -1.159604E-01
 -1.179354E-01
 -1.197195E-01
 -1.212086E-01
 -1.228210E-01
 -1.255069E-01
 -1.295851E-01
 -1.346324E-01
 -1.399740E-01
 -1.449627E-01
 -1.455106E-01
 -1.343554E-01
 -1.103641E-01
 -7.580889E-02
 -3.365603E-02
  3.012502E-03
  2.081222E-02
  1.936840E-02
  7.696089E-03
 -4.234511E-03
 -1.096847E-02
 -1.231129E-02
 -1.122019E-02
 -1.010049E-02
 -2.720220E-03
  1.776537E-02
  4.862914E-02
  8.052200E-02
  1.069563E-01
  1.276070E-01
  1.477951E-01
  1.719148E-01
  1.937863E-01
  2.050943E-01
  2.048627E-01
  1.968882E-01
  1.831271E-01
  1.648093E-01
  1.435944E-01
  1.199921E-01
  9.417549E-02
  6.821127E-02
  4.889364E-02
  4.033771E-02
  4.033846E-02
  4.367630E-02
  4.596318E-02
  4.486930E-02
  4.023891E-02
  3.373869E-02
  2.677342E-02
  1.805457E-02
  6.172722E-03
 -8.565364E-03
 -2.489995E-02
 -4.163940E-02
 -5.677494E-02
 -6.650355E-02
 -6.975384E-02
 -6.877603E-02
 -6.689623E-02
 -6.918563E-02
 -8.157559E-02
 -1.029518E-01
 -1.235141E-01
 -1.350384E-01
 -1.367638E-01
 -1.330830E-01
 -1.282183E-01
 -1.198978E-01
 -1.045835E-01
 -8.249590E-02
 -5.575795E-02
 -2.672713E-02
  5.006182E-03
  4.616723E-02
  1.018915E-01
  1.642567E-01
  2.106461E-01
  2.307355E-01
  2.307632E-01
  2.238899E-01
  2.216990E-01
  2.325217E-01
  2.570204E-01
  2.878538E-01
  3.129219E-01
  3.252413E-01
  3.261426E-01
  3.164909E-01
  2.953305E-01
  2.655893E-01
  2.310818E-01
  1.925100E-01
  1.484186E-01
  9.718845E-02
  4.321558E-02
 -5.849871E-03
 -4.139171E-02
 -6.072028E-02
 -6.923227E-02
 -7.492182E-02
 -8.394324E-02
 -9.889222E-02
 -1.186244E-01
 -1.412174E-01
 -1.655907E-01
 -1.991333E-01
 -2.463401E-01
 -2.955040E-01
 -3.360622E-01
 -3.663342E-01
 -3.931827E-01
 -4.244295E-01
 -4.600358E-01
 -4.720501E-01
 -4.327710E-01
 -3.404270E-01
 -2.280975E-01
 -1.339260E-01
 -7.404325E-02
 -4.419954E-02
 -2.897041E-02
 -1.661591E-02
 -2.024850E-03
  1.535946E-02
  3.351017E-02
  5.002560E-02
  6.366201E-02
  7.378113E-02
  7.780933E-02
  7.483352E-02
  6.718970E-02
  5.828692E-02
  5.068960E-02
  4.558276E-02
  4.246732E-02
  3.996441E-02
  3.689838E-02
  3.285353E-02
  2.809632E-02
  2.347003E-02
  2.398279E-02
  3.665469E-02
  6.178200E-02
  9.463023E-02
  1.307932E-01
  1.673541E-01
  2.030731E-01
  2.376192E-01
  2.638977E-01
  2.706996E-01
  2.574736E-01
  2.328238E-01
  2.063782E-01
  1.802821E-01
  1.497419E-01
  1.118342E-01
  6.764109E-02
  2.041685E-02
 -2.571293E-02
 -6.276696E-02
 -8.613240E-02
 -9.850896E-02
 -1.043164E-01
 -1.073467E-01
 -1.103151E-01
 -1.142492E-01
 -1.187815E-01
 -1.230253E-01
 -1.263451E-01
 -1.279519E-01
 -1.262139E-01
 -1.209240E-01
 -1.134995E-01
 -1.056998E-01
 -9.858128E-02
 -8.948288E-02
 -7.124403E-02
 -4.169236E-02
 -5.488630E-03
  2.273784E-02
  3.140024E-02
  2.202846E-02
  4.073808E-03
 -1.433261E-02
 -3.350460E-02
 -5.676494E-02
 -8.520243E-02
 -1.174982E-01
 -1.451849E-01
 -1.514441E-01
 -1.318732E-01
 -9.550925E-02
 -5.537217E-02
 -2.314149E-02
 -4.568996E-03
  3.350874E-03
  7.831776E-03
  1.485569E-02
  3.214081E-02
  7.189789E-02
  1.335912E-01
  1.947743E-01
  2.311833E-01
  2.384285E-01
  2.281798E-01
  2.156490E-01
  2.102744E-01
  2.133734E-01
  2.209335E-01
  2.279587E-01
  2.315508E-01
  2.321058E-01
  2.319517E-01
  2.330243E-01
  2.359443E-01
  2.401302E-01
  2.434026E-01
  2.434728E-01
  2.401457E-01
  2.348451E-01
  2.261410E-01
  2.064188E-01
  1.720724E-01
  1.233543E-01
  6.447371E-02
  4.849910E-03
 -4.798614E-02
 -9.448153E-02
 -1.391341E-01
 -1.796736E-01
 -2.106621E-01
 -2.319510E-01
 -2.476733E-01
 -2.622695E-01
 -2.736311E-01
 -2.731594E-01
 -2.583122E-01
 -2.336989E-01
 -2.061250E-01
 -1.799736E-01
 -1.556465E-01
 -1.317157E-01
 -1.087245E-01
 -9.081504E-02
 -7.944691E-02
 -7.257802E-02
 -6.703871E-02
 -5.944782E-02
 -4.600420E-02
 -2.618688E-02
 -2.591493E-03
  2.226566E-02
  4.736692E-02
  7.244998E-02
  9.363002E-02
  1.015407E-01
  9.395853E-02
  7.646859E-02
  5.591837E-02
  3.579561E-02
  1.662508E-02
 -4.437843E-03
 -3.059038E-02
 -6.205601E-02
 -9.668531E-02
 -1.265897E-01
 -1.354668E-01
 -1.178680E-01
 -8.203970E-02
 -3.866210E-02
  5.708141E-03
  4.429553E-02
  7.087165E-02
  8.647728E-02
  9.715212E-02
  1.087851E-01
  1.240454E-01
  1.397811E-01
  1.467617E-01
  1.405734E-01
  1.231576E-01
  9.467878E-02
  5.688825E-02
  1.719270E-02
 -1.817159E-02
 -4.748313E-02
 -6.846952E-02
 -8.032963E-02
 -8.626269E-02
 -9.070048E-02
 -9.629569E-02
 -1.027713E-01
 -1.087159E-01
 -1.131950E-01
 -1.161654E-01
 -1.175719E-01
 -1.160351E-01
 -1.110611E-01
 -1.037678E-01
 -9.570647E-02
 -8.570173E-02
 -6.971636E-02
 -4.730484E-02
 -2.268670E-02
 -4.509197E-05
  1.818778E-02
  2.953846E-02
  3.422246E-02
  3.523823E-02
  3.590278E-02
  3.804154E-02
  4.122148E-02
  4.313216E-02
  4.229353E-02
  3.899721E-02
  3.489746E-02
  3.164560E-02
  2.981076E-02
  2.878362E-02
  2.722936E-02
  2.429034E-02
  1.932570E-02
  1.233523E-02
  4.428319E-03
 -3.142869E-03
 -9.652545E-03
 -1.466129E-02
 -1.837669E-02
 -2.154968E-02
 -2.538954E-02
 -3.086257E-02
 -3.792177E-02
 -4.604844E-02
 -5.463251E-02
 -6.304536E-02
 -6.973375E-02
 -7.338486E-02
 -7.441869E-02
 -7.403408E-02
 -7.214785E-02
 -6.833590E-02
 -6.271688E-02
 -5.551648E-02
 -4.730570E-02
 -3.886240E-02
 -3.072066E-02
 -2.404704E-02
 -2.123893E-02
 -2.268792E-02
 -2.682306E-02
 -3.292697E-02
 -4.178671E-02
 -5.518838E-02
 -8.212692E-02
 -1.227727E-01
 -1.636538E-01
 -1.947859E-01
 -2.147502E-01
 -2.234497E-01
 -2.214916E-01
 -2.128458E-01
 -1.998770E-01
 -1.816908E-01
 -1.592842E-01
 -1.370102E-01
 -1.180635E-01
 -9.887798E-02
 -6.798075E-02
 -2.344769E-02
  2.669564E-02
  7.305459E-02
  1.094914E-01
  1.366155E-01
  1.567235E-01
  1.675805E-01
  1.691130E-01
  1.648997E-01
  1.591789E-01
  1.538584E-01
  1.483146E-01
  1.415416E-01
  1.331926E-01
  1.238003E-01
  1.150756E-01
  1.083400E-01
  1.035138E-01
  9.956557E-02
  9.536365E-02
  9.038524E-02
  8.476892E-02
  7.912743E-02
  7.411404E-02
  6.989030E-02
  6.573745E-02
  6.018486E-02
  5.285426E-02
  4.520993E-02
  3.885040E-02
  3.416914E-02
  3.084728E-02
  2.892625E-02
  2.824562E-02
  2.824908E-02
  2.836530E-02
  2.829343E-02
  2.802703E-02
  2.734437E-02
  2.536417E-02
  2.178099E-02
  1.704479E-02
  1.050700E-02
  1.366151E-03
 -8.422337E-03
 -1.698898E-02
 -2.477023E-02
 -3.365178E-02
 -4.177559E-02
 -4.730297E-02
 -5.028315E-02
 -5.243255E-02
 -5.579176E-02
 -6.108561E-02
 -6.775001E-02
 -7.475681E-02
 -8.115763E-02
 -8.622795E-02
 -9.000495E-02
 -9.305896E-02
 -9.590113E-02
 -9.818108E-02
 -9.014272E-02
 -6.221285E-02
 -2.392608E-02
  1.132600E-02
  3.252377E-02
  3.586241E-02
  2.699042E-02
  1.561117E-02
  8.903307E-03
  8.449498E-03
  1.168736E-02
  1.604828E-02
  2.354055E-02
  3.638909E-02
  5.423810E-02
  7.826651E-02
  1.093911E-01
  1.394922E-01
  1.572512E-01
  1.603022E-01
  1.541948E-01
  1.459686E-01
  1.399939E-01
  1.371771E-01
  1.355028E-01
  1.314260E-01
  1.240306E-01
  1.157154E-01
  1.087517E-01
  1.039770E-01
  1.011950E-01
  9.952171E-02
  9.791922E-02
  9.503606E-02
  8.985144E-02
  8.266291E-02
  7.264569E-02
  5.727397E-02
  3.890259E-02
  2.092068E-02
  2.133910E-03
 -1.975410E-02
 -4.282201E-02
 -6.411057E-02
 -8.224174E-02
 -9.402687E-02
 -9.680569E-02
 -9.233972E-02
 -8.421256E-02
 -7.263848E-02
 -5.682537E-02
 -3.995106E-02
 -2.748175E-02
 -2.119647E-02
 -1.883568E-02
 -1.681418E-02
 -1.287828E-02
 -6.664280E-03
  1.296845E-03
  1.006078E-02
  1.867074E-02
  2.585053E-02
  3.013751E-02
  3.163425E-02
  3.102265E-02
  2.747961E-02
  2.000455E-02
  8.865694E-03
 -3.884107E-03
 -1.535147E-02
 -2.428343E-02
 -3.101945E-02
 -3.627542E-02
 -4.097420E-02
 -4.584385E-02
 -5.081439E-02
 -5.388146E-02
 -5.342098E-02
 -4.985751E-02
 -4.493894E-02
 -4.023140E-02
 -3.613592E-02
 -3.326467E-02
 -3.332898E-02
 -3.652655E-02
 -4.124258E-02
 -4.565230E-02
 -4.890452E-02
 -5.104723E-02
 -5.260695E-02
 -5.419186E-02
 -5.609709E-02
 -5.814281E-02
 -5.987800E-02
 -5.952537E-02
 -5.544159E-02
 -4.651815E-02
 -3.097279E-02
 -1.049477E-02
  1.129398E-02
  3.176690E-02
  5.023660E-02
  6.750070E-02
  8.620100E-02
  1.110703E-01
  1.428345E-01
  1.719273E-01
  1.885674E-01
  1.918729E-01
  1.853768E-01
  1.729616E-01
  1.585832E-01
  1.425954E-01
  1.181904E-01
  8.150261E-02
  3.566985E-02
 -1.194477E-02
 -5.069055E-02
 -7.543994E-02
 -8.958482E-02
 -1.000840E-01
 -1.113805E-01
 -1.239493E-01
 -1.362970E-01
 -1.463825E-01
 -1.535101E-01
 -1.584390E-01
 -1.625122E-01
 -1.668183E-01
 -1.718089E-01
 -1.773519E-01
 -1.830571E-01
 -1.876119E-01
 -1.868806E-01
 -1.785200E-01
 -1.635525E-01
 -1.446199E-01
 -1.220936E-01
 -8.795294E-02
 -4.230647E-02
  5.553015E-03
  4.357076E-02
  6.565210E-02
  7.541629E-02
  7.862380E-02
  7.639273E-02
  6.969917E-02
  6.019650E-02
  4.740435E-02
  3.030898E-02
  9.812551E-03
 -1.188770E-02
 -3.295085E-02
 -5.054229E-02
 -6.153447E-02
 -6.633999E-02
 -6.764718E-02
 -6.504961E-02
 -5.655378E-02
 -4.304511E-02
 -2.882204E-02
 -1.763412E-02
 -1.010627E-02
 -4.784257E-03
 -1.564627E-03
 -1.629765E-03
 -4.775502E-03
 -9.559310E-03
 -1.451754E-02
 -1.891572E-02
 -2.264827E-02
 -2.591283E-02
 -2.906931E-02
 -3.240010E-02
 -3.540605E-02
 -3.561718E-02
 -3.149152E-02
 -2.390105E-02
 -1.462566E-02
 -2.604255E-03
  1.425022E-02
  3.414104E-02
  5.212169E-02
  6.557332E-02
  7.522822E-02
  8.346708E-02
  9.284180E-02
  1.038448E-01
  1.140407E-01
  1.216592E-01
  1.267470E-01
  1.302426E-01
  1.312727E-01
  1.287246E-01
  1.232151E-01
  1.150478E-01
  1.002632E-01
  7.661427E-02
  4.883557E-02
  2.340732E-02
  3.063587E-03
 -1.308617E-02
 -2.579665E-02
 -3.443831E-02
 -3.968650E-02
 -4.328604E-02
 -4.679321E-02
 -5.088709E-02
 -5.543920E-02
 -5.997979E-02
 -6.415497E-02
 -6.794418E-02
 -7.153049E-02
 -7.512528E-02
 -7.885495E-02
 -8.273233E-02
 -8.614878E-02
 -8.723081E-02
 -8.509407E-02
 -8.057182E-02
 -7.315407E-02
 -5.729463E-02
 -3.070618E-02
  1.158386E-03
  3.125703E-02
  5.638566E-02
  7.599995E-02
  9.011976E-02
  1.006250E-01
  1.081764E-01
  1.098080E-01
  1.047469E-01
  9.519248E-02
  8.304776E-02
  6.764832E-02
  4.887027E-02
  2.781154E-02
  6.005801E-03
 -1.540707E-02
 -3.543496E-02
 -5.155559E-02
 -6.257169E-02
 -6.991978E-02
 -7.561898E-02
 -7.965000E-02
 -8.147954E-02
 -8.142887E-02
 -8.035854E-02
 -7.906088E-02
 -7.793759E-02
 -7.700992E-02
 -7.575517E-02
 -7.302695E-02
 -6.841722E-02
 -6.101855E-02
 -4.699433E-02
 -2.750258E-02
 -1.020015E-02
  1.367159E-04
  4.114432E-03
  5.948422E-03
  1.034615E-02
  1.909878E-02
  3.107054E-02
  4.396642E-02
  5.607597E-02
  6.704326E-02
  7.737477E-02
  8.745431E-02
  9.648789E-02
  1.038124E-01
  1.095268E-01
  1.120160E-01
  1.090022E-01
  1.014498E-01
  9.398688E-02
  9.034727E-02
  9.088064E-02
  9.367803E-02
  9.720500E-02
  1.015355E-01
  1.068448E-01
  1.129416E-01
  1.195041E-01
  1.267172E-01
  1.351597E-01
  1.448603E-01
  1.553233E-01
  1.658580E-01
  1.737909E-01
  1.747434E-01
  1.681695E-01
  1.564118E-01
  1.392765E-01
  1.162181E-01
  8.888825E-02
  6.037371E-02
  3.400539E-02
  1.091763E-02
 -9.560910E-03
 -2.749334E-02
 -4.302750E-02
 -5.591089E-02
 -6.535497E-02
 -7.182686E-02
 -7.653414E-02
 -7.868179E-02
 -7.677219E-02
 -7.118598E-02
 -6.367051E-02
 -5.641529E-02
 -5.119448E-02
 -4.817240E-02
 -4.842585E-02
 -5.657396E-02
 -7.297490E-02
 -9.168698E-02
 -1.072379E-01
 -1.177653E-01
 -1.244672E-01
 -1.299328E-01
 -1.362847E-01
 -1.442695E-01
 -1.532448E-01
 -1.593170E-01
 -1.573018E-01
 -1.467101E-01
 -1.313437E-01
 -1.165024E-01
 -1.053425E-01
 -9.774256E-02
 -9.167345E-02
 -8.502624E-02
 -7.680342E-02
 -6.693695E-02
 -5.534767E-02
 -4.257614E-02
 -3.108904E-02
 -2.300581E-02
 -1.814725E-02
 -1.533941E-02
 -1.483357E-02
 -1.691446E-02
 -2.080850E-02
 -2.476118E-02
 -2.701575E-02
 -2.725928E-02
 -2.634989E-02
 -2.537929E-02
 -2.503400E-02
 -2.577471E-02
 -2.769362E-02
 -3.033641E-02
 -3.272216E-02
 -3.357042E-02
 -3.260506E-02
 -3.051608E-02
 -2.823309E-02
 -2.620511E-02
 -2.404937E-02
 -2.130840E-02
 -1.790915E-02
 -1.408219E-02
 -9.991802E-03
 -4.189102E-03
  5.530829E-03
  2.135511E-02
  3.988614E-02
  5.391504E-02
  5.988504E-02
  5.845479E-02
  5.320196E-02
  4.786362E-02
  4.449448E-02
  4.338554E-02
  4.357854E-02
  4.376782E-02
  4.312573E-02
  4.156202E-02
  3.949208E-02
  3.685479E-02
  3.244017E-02
  2.612001E-02
  1.961963E-02
  1.524937E-02
  1.363814E-02
  1.382069E-02
  1.437556E-02
  1.434640E-02
  1.353582E-02
  1.299602E-02
  1.631143E-02
  2.569479E-02
  3.835359E-02
  4.963509E-02
  5.728428E-02
  6.177849E-02
  6.479524E-02
  6.794475E-02
  7.204330E-02
  7.666524E-02
  7.918790E-02
  7.757973E-02
  7.230339E-02
  6.532303E-02
  5.892951E-02
  5.439365E-02
  5.150068E-02
  4.925384E-02
  4.723880E-02
  4.647527E-02
  4.758472E-02
  5.018085E-02
  5.305519E-02
  5.216929E-02
  4.440434E-02
  3.076231E-02
  1.512345E-02
  1.879891E-03
 -7.324958E-03
 -1.362416E-02
 -1.919982E-02
 -2.556861E-02
 -3.116821E-02
 -3.246816E-02
 -2.850378E-02
 -2.100112E-02
 -1.249656E-02
 -5.006559E-03
  5.955846E-04
  4.629548E-03
  6.584900E-03
  5.388715E-03
  1.407894E-03
 -4.014652E-03
 -9.736924E-03
 -1.521818E-02
 -2.043565E-02
 -2.527482E-02
 -2.912138E-02
 -3.185037E-02
 -3.389188E-02
 -3.591583E-02
 -3.894742E-02
 -4.352312E-02
 -4.926702E-02
 -5.498220E-02
 -5.770218E-02
 -5.554446E-02
 -4.945787E-02
 -4.180134E-02
 -3.454238E-02
 -2.805221E-02
 -2.152571E-02
 -1.424686E-02
 -6.058363E-03
  1.329693E-03
  3.554448E-03
 -1.081792E-03
 -1.065951E-02
 -2.216337E-02
 -3.333903E-02
 -4.330729E-02
 -5.194790E-02
 -5.938483E-02
 -6.619183E-02
 -7.301421E-02
 -7.912335E-02
 -8.095561E-02
 -7.663384E-02
 -6.760900E-02
 -5.684550E-02
 -4.696988E-02
 -3.904467E-02
 -3.257647E-02
 -2.650091E-02
 -2.096463E-02
 -1.726053E-02
 -1.573964E-02
 -1.568254E-02
 -1.607274E-02
 -1.627508E-02
 -1.664537E-02
 -1.790546E-02
 -2.023339E-02
 -2.328257E-02
 -2.619316E-02
 -2.659479E-02
 -2.294624E-02
 -1.602898E-02
 -7.788618E-03
  1.308593E-04
  7.235757E-03
  1.406116E-02
  2.125737E-02
  2.910895E-02
  3.706961E-02
  4.362354E-02
  4.806164E-02
  5.089723E-02
  5.312215E-02
  5.528566E-02
  5.745253E-02
  5.954579E-02
  6.149113E-02
  6.310000E-02
  6.282496E-02
  5.938293E-02
  5.326537E-02
  4.595682E-02
  3.878948E-02
  3.235678E-02
  2.679527E-02
  2.214667E-02
  1.809966E-02
  1.419075E-02
  1.010567E-02
  6.357586E-03
  4.947114E-03
  6.905347E-03
  1.133713E-02
  1.611953E-02
  1.960466E-02
  2.151212E-02
  2.252649E-02
  2.340239E-02
  2.396500E-02
  2.375748E-02
  2.275566E-02
  2.124992E-02
  1.940707E-02
  1.727828E-02
  1.495137E-02
  1.256619E-02
  1.034584E-02
  8.406229E-03
  6.681934E-03
  5.028299E-03
  3.400273E-03
  2.472081E-03
  2.994678E-03
  4.887957E-03
  7.496375E-03
  1.020071E-02
  1.321801E-02
  1.712989E-02
  2.202830E-02
  2.751576E-02
  3.289672E-02
  3.770391E-02
  4.195166E-02
  4.549989E-02
  4.457184E-02
  3.584827E-02
  2.124715E-02
  7.081488E-03
 -2.203138E-03
 -7.457416E-03
 -1.213565E-02
 -1.876249E-02
 -2.695979E-02
 -3.361266E-02
 -3.686938E-02
 -3.713683E-02
 -3.600385E-02
 -3.498223E-02
 -3.537080E-02
 -3.820852E-02
 -4.320180E-02
 -4.916801E-02
 -5.498388E-02
 -6.013287E-02
 -6.369723E-02
 -6.326965E-02
 -5.822297E-02
 -5.019678E-02
 -4.134877E-02
 -3.209519E-02
 -2.165698E-02
 -1.113960E-02
 -5.541121E-03
 -7.634732E-03
 -1.570850E-02
 -2.596987E-02
 -3.481855E-02
 -4.057153E-02
 -4.386733E-02
 -4.642495E-02
 -4.952648E-02
 -5.180588E-02
 -5.063838E-02
 -4.548397E-02
 -3.790723E-02
 -3.028960E-02
 -2.410126E-02
 -1.939006E-02
 -1.538851E-02
 -1.152230E-02
 -7.644311E-03
 -3.754367E-03
  1.015311E-04
  3.936128E-03
  8.356123E-03
  1.401526E-02
  2.062877E-02
  2.677414E-02
  3.137668E-02
  3.449865E-02
  3.689714E-02
  3.934373E-02
  4.161359E-02
  4.198854E-02
  3.962268E-02
  3.516723E-02
  2.987295E-02
  2.472350E-02
  2.009784E-02
  1.586518E-02
  1.178936E-02
  8.650763E-03
  7.441531E-03
  8.061322E-03
  9.641517E-03
  1.128837E-02
  1.216008E-02
  1.121758E-02
  8.418763E-03
  4.710258E-03
  1.094027E-03
 -1.945759E-03
 -4.509963E-03
 -6.988745E-03
 -9.700838E-03
 -1.282594E-02
 -1.654808E-02
 -2.083074E-02
 -2.534421E-02
 -2.942718E-02
 -3.265618E-02
 -3.516126E-02
 -3.736609E-02
 -3.965117E-02
 -4.192340E-02
 -4.177540E-02
 -3.705797E-02
 -2.829736E-02
 -1.761963E-02
 -7.150123E-03
  1.943300E-03
  9.743079E-03
  1.699012E-02
  2.391065E-02
  3.017682E-02
  3.572484E-02
  4.080072E-02
  4.570845E-02
  5.055068E-02
  5.527596E-02
  5.984700E-02
  6.428377E-02
  6.789076E-02
  6.892415E-02
  6.697755E-02
  6.313717E-02
  5.890829E-02
  5.526559E-02
  5.237845E-02
  4.988771E-02
  4.795057E-02
  4.801414E-02
  5.067726E-02
  5.518792E-02
  6.008760E-02
  6.324252E-02
  6.350783E-02
  6.152519E-02
  5.875487E-02
  5.623451E-02
  5.375897E-02
  5.072713E-02
  4.690747E-02
  4.219772E-02
  3.618539E-02
  2.889143E-02
  2.107308E-02
  1.428399E-02
  9.438295E-03
  6.192569E-03
  3.611916E-03
  1.721924E-03
  1.805325E-03
  4.238352E-03
  8.263911E-03
  1.282311E-02
  1.730888E-02
  2.160734E-02
  2.587571E-02
  3.058329E-02
  3.618134E-02
  4.257438E-02
  4.881580E-02
  5.392586E-02
  5.781372E-02
  6.161518E-02
  6.682227E-02
  7.279268E-02
  7.725200E-02
  7.910564E-02
  7.854366E-02
  7.637619E-02
  7.365800E-02
  7.117339E-02
  6.940470E-02
  6.854431E-02
  6.826305E-02
  6.754085E-02
  6.536932E-02
  6.171458E-02
  5.757123E-02
  5.430314E-02
  5.243860E-02
  5.158679E-02
  5.079866E-02
  4.923794E-02
  4.673950E-02
  4.366986E-02
  4.058547E-02
  3.814419E-02
  3.664217E-02
  3.583287E-02
  3.524013E-02
  3.391059E-02
  3.032446E-02
  2.422394E-02
  1.649312E-02
  6.826670E-03
 -6.160370E-03
 -2.061654E-02
 -3.318375E-02
 -4.248351E-02
 -4.915468E-02
 -5.477591E-02
 -6.040122E-02
 -6.477913E-02
 -6.642091E-02
 -6.541194E-02
 -6.275622E-02
 -5.952058E-02
 -5.642159E-02
 -5.373829E-02
 -5.141892E-02
 -4.921638E-02
 -4.689770E-02
 -4.490202E-02
 -4.501995E-02
 -4.817613E-02
 -5.364622E-02
 -6.001135E-02
 -6.633298E-02
 -7.247070E-02
 -7.829215E-02
 -8.364296E-02
 -8.849621E-02
 -9.138747E-02
 -9.039300E-02
 -8.558891E-02
 -7.822681E-02
 -6.978747E-02
 -6.159964E-02
 -5.491039E-02
 -5.004777E-02
 -4.630701E-02
 -4.270537E-02
 -3.861899E-02
 -3.396158E-02
 -2.845765E-02
 -2.064069E-02
 -9.867892E-03
  3.390007E-03
  1.899158E-02
  3.602199E-02
  5.265571E-02
  6.751096E-02
  7.950035E-02
  8.879132E-02
  9.652290E-02
  1.038850E-01
  1.114155E-01
  1.169263E-01
  1.173044E-01
  1.121035E-01
  1.021281E-01
  8.953489E-02
  7.793539E-02
  6.937859E-02
  6.367224E-02
  5.933075E-02
  5.444226E-02
  4.721763E-02
  3.733243E-02
  2.561336E-02
  1.324853E-02
  5.801105E-04
 -1.338516E-02
 -2.802809E-02
 -4.148383E-02
 -5.300185E-02
 -6.399686E-02
 -7.716480E-02
 -9.304234E-02
 -1.095390E-01
 -1.247596E-01
 -1.382274E-01
 -1.505714E-01
 -1.619766E-01
 -1.712980E-01
 -1.782316E-01
 -1.834450E-01
 -1.865993E-01
 -1.871944E-01
 -1.857931E-01
 -1.835084E-01
 -1.807746E-01
 -1.760057E-01
 -1.679579E-01
 -1.571462E-01
 -1.437573E-01
 -1.255567E-01
 -1.025459E-01
 -7.868201E-02
 -5.751028E-02
 -3.971943E-02
 -2.377796E-02
 -7.723758E-03
  9.251770E-03
  2.595731E-02
  4.104836E-02
  5.429169E-02
  6.555558E-02
  7.419705E-02
  8.053562E-02
  8.562543E-02
  9.015745E-02
  9.439025E-02
  9.843524E-02
  1.020741E-01
  1.028926E-01
  9.884105E-02
  9.061253E-02
  8.029632E-02
  6.947715E-02
  5.893434E-02
  4.891133E-02
  3.931162E-02
  2.971867E-02
  1.874918E-02
  4.966119E-03
 -1.141245E-02
 -2.842974E-02
 -4.407549E-02
 -5.788372E-02
 -7.077350E-02
 -8.332413E-02
 -9.466531E-02
 -1.042273E-01
 -1.121882E-01
 -1.190955E-01
 -1.256132E-01
 -1.319609E-01
 -1.372917E-01
 -1.409327E-01
 -1.429335E-01
 -1.420125E-01
 -1.367873E-01
 -1.279501E-01
 -1.173877E-01
 -1.065117E-01
 -9.587304E-02
 -8.566712E-02
 -7.596553E-02
 -6.656158E-02
 -5.692118E-02
 -4.622930E-02
 -3.458360E-02
 -2.424670E-02
 -1.715978E-02
 -1.313272E-02
 -1.070213E-02
 -8.476739E-03
 -5.710428E-03
 -2.350769E-03
  1.252664E-03
  4.786030E-03
  8.234642E-03
  1.167574E-02
  1.516833E-02
  1.875587E-02
  2.278958E-02
  2.778470E-02
  3.375003E-02
  4.021684E-02
  4.622516E-02
  5.100874E-02
  5.463344E-02
  5.769470E-02
  6.066470E-02
  6.347527E-02
  6.597171E-02
  6.815054E-02
  7.012385E-02
  7.201553E-02
  7.314472E-02
  7.170627E-02
  6.723649E-02
  6.077833E-02
  5.380579E-02
  4.734163E-02
  4.165613E-02
  3.649666E-02
  3.170427E-02
  2.719269E-02
  2.280897E-02
  1.838951E-02
  1.384607E-02
  9.208892E-03
  5.073701E-03
  3.183885E-03
  4.333941E-03
  7.700913E-03
  1.180478E-02
  1.536470E-02
  1.781530E-02
  1.940868E-02
  2.077544E-02
  2.250459E-02
  2.483320E-02
  2.761118E-02
  3.052924E-02
  3.336036E-02
  3.603231E-02
  3.858882E-02
  4.111635E-02
  4.324929E-02
  4.380995E-02
  4.235986E-02
  3.943663E-02
  3.527590E-02
  2.982528E-02
  2.334961E-02
  1.572893E-02
  6.792122E-03
 -2.733360E-03
 -1.193849E-02
 -2.047047E-02
 -2.766628E-02
 -3.114751E-02
 -2.992083E-02
 -2.531554E-02
 -1.902193E-02
 -1.219468E-02
 -5.477690E-03
  7.717620E-04
  6.384315E-03
  1.157549E-02
  1.683318E-02
  2.287672E-02
  3.001147E-02
  3.786829E-02
  4.575564E-02
  5.322539E-02
  5.996949E-02
  6.346194E-02
  6.116330E-02
  5.369301E-02
  4.346574E-02
  3.276954E-02
  2.284542E-02
  1.376720E-02
  4.967213E-03
 -3.883609E-03
 -1.240128E-02
 -2.032951E-02
 -2.757595E-02
 -3.362441E-02
 -3.823958E-02
 -4.180450E-02
 -4.427460E-02
 -4.482454E-02
 -4.340409E-02
 -4.078830E-02
 -3.789672E-02
 -3.523934E-02
 -3.278779E-02
 -3.030936E-02
 -2.762361E-02
 -2.469453E-02
 -2.158538E-02
 -1.834810E-02
 -1.503159E-02
 -1.169209E-02
 -8.368114E-03
 -5.072703E-03
 -1.805105E-03
  1.448551E-03
  4.705853E-03
  8.121555E-03
  1.204210E-02
  1.654526E-02
  2.136743E-02
  2.610063E-02
  3.052573E-02
  3.418569E-02
  3.606379E-02
  3.602467E-02
  3.486661E-02
  3.389692E-02
  3.406027E-02
  3.536908E-02
  3.726498E-02
  3.943316E-02
  4.187020E-02
  4.454363E-02
  4.736448E-02
  5.017674E-02
  5.252168E-02
  5.409544E-02
  5.504845E-02
  5.575659E-02
  5.637808E-02
  5.558260E-02
  5.208649E-02
  4.616949E-02
  3.908596E-02
  3.222794E-02
  2.641954E-02
  2.159698E-02
  1.717209E-02
  1.254232E-02
  7.411362E-03
  1.628027E-03
 -4.750132E-03
 -1.129568E-02
 -1.725046E-02
 -2.224630E-02
 -2.645131E-02
 -2.954484E-02
 -3.070849E-02
 -3.001107E-02
 -2.828280E-02
 -2.641632E-02
 -2.501313E-02
 -2.447821E-02
 -2.475158E-02
 -2.540388E-02
 -2.599776E-02
 -2.629467E-02
 -2.597802E-02
 -2.477611E-02
 -2.285862E-02
 -2.065151E-02
 -1.851833E-02
 -1.658682E-02
 -1.471841E-02
 -1.271782E-02
 -1.050532E-02
 -8.124248E-03
 -5.678682E-03
 -3.335164E-03
 -1.252284E-03
  5.702886E-04
  2.252957E-03
  3.924721E-03
  5.093586E-03
  3.912369E-03
 -5.144180E-04
 -7.347526E-03
 -1.493653E-02
 -2.176871E-02
 -2.729639E-02
 -3.191043E-02
 -3.631901E-02
 -4.074636E-02
 -4.493822E-02
 -4.873796E-02
 -5.217041E-02
 -5.510931E-02
 -5.740808E-02
 -5.919151E-02
 -6.073955E-02
 -6.214893E-02
 -6.269748E-02
 -6.177662E-02
 -5.965009E-02
 -5.764680E-02
 -5.718640E-02
 -5.850662E-02
 -6.073335E-02
 -6.232519E-02
 -6.235078E-02
 -6.041563E-02
 -5.592218E-02
 -4.927105E-02
 -4.159424E-02
 -3.389368E-02
 -2.662392E-02
 -1.978856E-02
 -1.326097E-02
 -6.897115E-03
 -1.074581E-03
  3.799221E-03
  7.833942E-03
  1.113236E-02
  1.277578E-02
  1.218368E-02
  9.882381E-03
  6.903159E-03
  4.063606E-03
  1.636291E-03
 -5.287633E-04
 -2.435269E-03
 -2.715290E-03
 -2.834525E-04
  4.410487E-03
  9.435559E-03
  1.150788E-02
  9.148679E-03
  3.507272E-03
 -3.184413E-03
 -7.845186E-03
 -7.717608E-03
 -5.914060E-03
 -6.728919E-03
 -1.166650E-02
 -1.951547E-02
 -2.810732E-02
 -3.548299E-02
 -4.015047E-02
 -4.217553E-02
 -4.283761E-02
 -4.333535E-02
 -4.247130E-02
 -3.825924E-02
 -3.060933E-02
 -2.079990E-02
 -9.642963E-03
  2.495678E-03
  1.528236E-02
  2.847815E-02
  4.180653E-02
  5.359134E-02
  6.142262E-02
  6.514506E-02
  6.652755E-02
  6.765005E-02
  6.970759E-02
  7.278248E-02
  7.626403E-02
  7.904581E-02
  8.010321E-02
  7.944653E-02
  7.786389E-02
  7.619052E-02
  7.432130E-02
  7.139045E-02
  6.723432E-02
  6.270374E-02
  5.864229E-02
  5.522426E-02
  5.135699E-02
  4.560859E-02
  3.818318E-02
  3.105697E-02
  2.567551E-02
  2.246703E-02
  2.220859E-02
  2.492075E-02
  2.934270E-02
  3.388878E-02
  3.766779E-02
  4.051437E-02
  4.149305E-02
  3.989467E-02
  3.637512E-02
  3.227925E-02
  2.861702E-02
  2.565856E-02
  2.312342E-02
  2.125988E-02
  2.167782E-02
  2.500830E-02
  3.031060E-02
  3.579412E-02
  4.017663E-02
  4.330984E-02
  4.511741E-02
  4.407695E-02
  3.954561E-02
  3.262602E-02
  2.522432E-02
  1.869568E-02
  1.327760E-02
  8.407563E-03
  3.329866E-03
 -2.361967E-03
 -8.600836E-03
 -1.506070E-02
 -2.143255E-02
 -2.757165E-02
 -3.283363E-02
 -3.548405E-02
 -3.498467E-02
 -3.249365E-02
 -3.071000E-02
 -3.187237E-02
 -3.602063E-02
 -4.167501E-02
 -4.719478E-02
 -5.172767E-02
 -5.532631E-02
 -5.839775E-02
 -5.998604E-02
 -5.881770E-02
 -5.511382E-02
 -5.015082E-02
 -4.544501E-02
 -4.184804E-02
 -3.924506E-02
 -3.701259E-02
 -3.485311E-02
 -3.345989E-02
 -3.335798E-02
 -3.434909E-02
 -3.584752E-02
 -3.654870E-02
 -3.364606E-02
 -2.598225E-02
 -1.496614E-02
 -3.157402E-03
  7.537604E-03
  1.642085E-02
  2.326722E-02
  2.858758E-02
  3.336963E-02
  3.793067E-02
  4.054649E-02
  3.987175E-02
  3.638822E-02
  3.171199E-02
  2.761055E-02
  2.489616E-02
  2.328791E-02
  2.199675E-02
  2.018005E-02
  1.740827E-02
  1.386163E-02
  1.002742E-02
  6.434469E-03
  3.843197E-03
  2.609026E-03
  2.359948E-03
  2.832438E-03
  4.854271E-03
  8.887492E-03
  1.440612E-02
  2.031475E-02
  2.564475E-02
  3.013545E-02
  3.414378E-02
  3.823863E-02
  4.275482E-02
  4.751876E-02
  5.059593E-02
  5.000361E-02
  4.593098E-02
  3.993787E-02
  3.268169E-02
  2.423201E-02
  1.562871E-02
  7.993755E-03
  1.792572E-03
 -2.556377E-03
 -5.258355E-03
 -7.122467E-03
 -8.817214E-03
 -9.107009E-03
 -5.956602E-03
  2.505490E-04
  6.784053E-03
  1.160922E-02
  1.444214E-02
  1.617086E-02
  1.787798E-02
  2.018157E-02
  2.311679E-02
  2.635018E-02
  2.938569E-02
  3.188634E-02
  3.387559E-02
  3.560529E-02
  3.705940E-02
  3.679276E-02
  3.367315E-02
  2.816807E-02
  2.165180E-02
  1.570079E-02
  1.115981E-02
  7.802193E-03
  4.821918E-03
  1.025341E-03
 -4.493435E-03
 -1.149357E-02
 -1.822269E-02
 -2.292006E-02
 -2.535487E-02
 -2.646059E-02
 -2.728005E-02
 -2.833450E-02
 -2.969912E-02
 -3.120028E-02
 -3.251563E-02
 -3.254064E-02
 -3.044647E-02
 -2.659021E-02
 -2.185371E-02
 -1.679146E-02
 -1.166549E-02
 -6.588179E-03
 -1.845893E-03
  2.303966E-03
  5.957823E-03
  9.412745E-03
  1.287672E-02
  1.616923E-02
  1.904764E-02
  2.150208E-02
  2.355816E-02
  2.513667E-02
  2.631036E-02
  2.727932E-02
  2.817198E-02
  2.846732E-02
  2.753674E-02
  2.543814E-02
  2.269203E-02
  1.963404E-02
  1.636779E-02
  1.296406E-02
  9.522070E-03
  6.178612E-03
  2.970800E-03
 -2.021471E-04
 -3.523693E-03
 -7.064533E-03
 -1.074672E-02
 -1.430407E-02
 -1.752224E-02
 -2.041740E-02
 -2.317076E-02
 -2.605535E-02
 -2.923339E-02
 -3.266363E-02
 -3.619833E-02
 -3.962358E-02
 -4.267324E-02
 -4.528921E-02
 -4.763584E-02
 -5.002417E-02
 -5.281719E-02
 -5.609304E-02
 -5.966800E-02
 -6.329091E-02
 -6.668276E-02
 -6.858035E-02
 -6.778836E-02
 -6.461263E-02
 -6.030410E-02
 -5.605153E-02
 -5.239768E-02
 -4.901732E-02
 -4.514955E-02
 -4.042153E-02
 -3.497730E-02
 -2.913803E-02
 -2.311308E-02
 -1.704242E-02
 -1.101986E-02
 -5.362142E-03
 -5.021970E-04
  3.567464E-03
  7.210135E-03
  1.082098E-02
  1.460948E-02
  1.795294E-02
  1.924009E-02
  1.798748E-02
  1.496823E-02
  1.083026E-02
  5.831262E-03
  3.268988E-04
 -4.862278E-03
 -8.800057E-03
 -1.140472E-02
 -1.328170E-02
 -1.513048E-02
 -1.733805E-02
 -1.981382E-02
 -2.133667E-02
 -2.065327E-02
 -1.783388E-02
 -1.387681E-02
 -9.841066E-03
 -6.293832E-03
 -3.243717E-03
 -3.899830E-04
  2.579729E-03
  5.813268E-03
  9.256844E-03
  1.230011E-02
  1.392002E-02
  1.391447E-02
  1.288781E-02
  1.166003E-02
  1.083200E-02
  1.055235E-02
  1.060333E-02
  1.066778E-02
  1.052956E-02
  1.005930E-02
  9.265987E-03
  8.299792E-03
  7.330717E-03
  6.454061E-03
  5.621453E-03
  4.570720E-03
  3.121834E-03
  1.322872E-03
 -7.667502E-04
 -3.166810E-03
 -5.708398E-03
 -7.026684E-03
 -5.493692E-03
 -1.143065E-03
  4.590383E-03
  9.913268E-03
  1.392535E-02
  1.681332E-02
  1.930014E-02
  2.195877E-02
  2.411378E-02
  2.450407E-02
  2.291345E-02
  2.008005E-02
  1.696283E-02
  1.418880E-02
  1.187982E-02
  9.786327E-03
  7.518876E-03
  4.861033E-03
  1.857736E-03
 -1.302111E-03
 -4.408593E-03
 -7.098259E-03
 -9.101068E-03
 -1.052950E-02
 -1.171124E-02
 -1.293800E-02
 -1.417498E-02
 -1.473553E-02
 -1.413329E-02
 -1.254924E-02
 -1.040319E-02
 -7.893355E-03
 -5.164673E-03
 -2.345733E-03
  4.635399E-04
  3.141603E-03
  5.643915E-03
  8.033309E-03
  1.036525E-02
  1.257161E-02
  1.460015E-02
  1.648556E-02
  1.826569E-02
  1.964246E-02
  2.033425E-02
  2.043586E-02
  2.024907E-02
  1.987163E-02
  1.914786E-02
  1.804031E-02
  1.661086E-02
  1.482484E-02
  1.270332E-02
  1.038111E-02
  8.059535E-03
  5.883297E-03
  3.859887E-03
  1.918247E-03
  5.951776E-05
 -1.685422E-03
 -3.335402E-03
 -4.846639E-03
 -5.401155E-03
 -4.285537E-03
 -1.732539E-03
  1.474952E-03
  4.571831E-03
  7.191242E-03
  9.403616E-03
  1.146435E-02
  1.351430E-02
  1.558467E-02
  1.758316E-02
  1.868999E-02
  1.820503E-02
  1.633791E-02
  1.382570E-02
  1.125301E-02
  8.662939E-03
  5.912049E-03
  2.710048E-03
 -1.431373E-03
 -6.478227E-03
 -1.173689E-02
 -1.655736E-02
 -2.078773E-02
 -2.483374E-02
 -2.930263E-02
 -3.442557E-02
 -3.976847E-02
 -4.436883E-02
 -4.781744E-02
 -5.040131E-02
 -5.257072E-02
 -5.444361E-02
 -5.605826E-02
 -5.748767E-02
 -5.851824E-02
 -5.863138E-02
 -5.775361E-02
 -5.626004E-02
 -5.461814E-02
 -5.306626E-02
 -5.160934E-02
 -5.016019E-02
 -4.863864E-02
 -4.696840E-02
 -4.501464E-02
 -4.275015E-02
 -4.029030E-02
 -3.775662E-02
 -3.477228E-02
 -3.064095E-02
 -2.528480E-02
 -1.917032E-02
 -1.279670E-02
 -6.468915E-03
 -3.942201E-04
  5.008853E-03
  9.567232E-03
  1.357232E-02
  1.782787E-02
  2.320211E-02
  2.977466E-02
  3.662581E-02
  4.252499E-02
  4.706214E-02
  5.047815E-02
  5.249461E-02
  5.292404E-02
  5.224081E-02
  5.045757E-02
  4.518397E-02
  3.542242E-02
  2.315281E-02
  1.125657E-02
  1.900253E-03
 -4.662908E-03
 -9.251528E-03
 -1.304731E-02
 -1.698581E-02
 -2.026778E-02
 -2.050653E-02
 -1.694290E-02
 -1.046396E-02
 -2.659739E-03
  3.916416E-03
  7.101970E-03
  7.005378E-03
  5.282854E-03
  3.677860E-03
  3.350102E-03
  4.663055E-03
  7.073469E-03
  9.701244E-03
  1.212565E-02
  1.504447E-02
  1.916845E-02
  2.439410E-02
  2.941513E-02
  3.287319E-02
  3.459868E-02
  3.500565E-02
  3.393145E-02
  3.141400E-02
  2.805972E-02
  2.462413E-02
  2.154066E-02
  1.900493E-02
  1.696163E-02
  1.513774E-02
  1.347450E-02
  1.304467E-02
  1.473200E-02
  1.813172E-02
  2.186977E-02
  2.482754E-02
  2.677083E-02
  2.796739E-02
  2.815737E-02
  2.710568E-02
  2.514739E-02
  2.289225E-02
  2.079699E-02
  1.898516E-02
  1.730465E-02
  1.529694E-02
  1.261846E-02
  9.433543E-03
  6.239400E-03
  3.373461E-03
  8.536552E-04
 -1.521549E-03
 -3.959214E-03
 -6.646684E-03
 -9.826077E-03
 -1.350971E-02
 -1.729597E-02
 -2.048370E-02
 -2.281623E-02
 -2.454450E-02
 -2.608855E-02
 -2.772211E-02
 -2.951647E-02
 -3.140749E-02
 -3.329351E-02
 -3.513242E-02
 -3.696734E-02
 -3.883944E-02
 -4.075841E-02
 -4.268541E-02
 -4.454401E-02
 -4.630553E-02
 -4.799947E-02
 -4.963468E-02
 -5.076985E-02
 -5.082770E-02
 -4.982914E-02
 -4.825396E-02
 -4.664221E-02
 -4.539074E-02
 -4.459174E-02
 -4.406201E-02
 -4.346385E-02
 -4.216621E-02
 -3.981419E-02
 -3.664715E-02
 -3.317497E-02
 -2.900702E-02
 -2.236022E-02
 -1.271333E-02
 -1.646918E-03
  8.268272E-03
  1.585694E-02
  2.180963E-02
  2.847723E-02
  3.738816E-02
  4.691438E-02
  5.470453E-02
  6.001721E-02
  6.355016E-02
  6.608878E-02
  6.798216E-02
  6.922221E-02
  6.879887E-02
  6.609328E-02
  6.161557E-02
  5.641860E-02
  5.138852E-02
  4.682064E-02
  4.245520E-02
  3.793191E-02
  3.313772E-02
  2.823627E-02
  2.337750E-02
  1.856669E-02
  1.382782E-02
  9.399224E-03
  5.432290E-03
  1.826416E-03
 -1.667504E-03
 -5.350055E-03
 -9.319511E-03
 -1.308607E-02
 -1.605855E-02
 -1.817186E-02
 -1.924815E-02
 -1.825033E-02
 -1.492120E-02
 -1.010022E-02
 -5.256553E-03
 -1.662727E-03
  4.898808E-04
  1.832634E-03
  3.108600E-03
  4.732732E-03
  6.741395E-03
  8.936505E-03
  1.105084E-02
  1.242527E-02
  1.226792E-02
  1.061613E-02
  8.160007E-03
  5.643594E-03
  3.459887E-03
  1.609022E-03
 -1.190912E-04
 -1.920304E-03
 -3.816019E-03
 -5.733700E-03
 -7.610369E-03
 -9.409586E-03
 -1.079880E-02
 -1.116149E-02
 -1.042072E-02
 -9.017121E-03
 -7.492108E-03
 -6.259600E-03
 -5.598906E-03
 -5.459277E-03
 -5.555166E-03
 -5.604573E-03
 -5.475701E-03
 -5.193842E-03
 -4.862985E-03
 -4.571072E-03
 -4.239356E-03
 -3.675139E-03
 -2.824583E-03
 -1.781507E-03
 -6.825806E-04
  3.735804E-04
  1.241628E-03
  1.720488E-03
  1.813635E-03
  1.697277E-03
  1.564500E-03
  1.520439E-03
  1.567335E-03
  1.645109E-03
  1.657115E-03
  1.543459E-03
  1.321690E-03
  1.052111E-03
  7.911671E-04
  5.650261E-04
  3.694382E-04
  1.918930E-04
  9.981063E-05
  1.906602E-04
  4.615596E-04
  8.311407E-04
  1.211369E-03
  1.554147E-03
  1.857671E-03
  2.146101E-03
  2.430907E-03
  2.554243E-03
  2.304195E-03
  1.680329E-03
  8.484427E-04
 -8.001382E-06
 -7.866495E-04
 -1.481378E-03
 -2.141264E-03
 -2.724522E-03
 -2.720491E-03
 -1.740998E-03
  5.078575E-05
  2.197097E-03
  4.211996E-03
  5.454738E-03
  5.632773E-03
  5.045970E-03
  4.229682E-03
  3.583733E-03
  3.225075E-03
  3.050647E-03
  3.047655E-03
  3.760336E-03
  5.554554E-03
  8.206734E-03
  1.120532E-02
  1.405225E-02
  1.643950E-02
  1.840543E-02
  2.020669E-02
  2.220769E-02
  2.466891E-02
  2.755407E-02
  3.063819E-02
  3.382763E-02
  3.737058E-02
  4.140495E-02
  4.581529E-02
  5.036676E-02
  5.474410E-02
  5.871266E-02
  6.230638E-02
  6.572805E-02
  6.891662E-02
  7.125267E-02
  7.247037E-02
  7.283941E-02
  7.224660E-02
  7.012188E-02
  6.653263E-02
  6.212207E-02
  5.766724E-02
  5.371985E-02
  5.033356E-02
  4.692657E-02
  4.235514E-02
  3.616194E-02
  2.916665E-02
  2.305138E-02
  1.863042E-02
  1.547189E-02
  1.253406E-02
  9.184322E-03
  5.661646E-03
  2.420478E-03
 -3.450843E-04
 -2.661370E-03
 -4.482825E-03
 -5.844781E-03
 -7.011833E-03
 -8.442275E-03
 -1.037435E-02
 -1.270778E-02
 -1.515862E-02
 -1.728796E-02
 -1.882591E-02
 -1.987452E-02
 -2.072176E-02
 -2.149970E-02
 -2.207816E-02
 -2.238583E-02
 -2.248247E-02
 -2.276453E-02
 -2.447418E-02
 -2.832156E-02
 -3.377762E-02
 -3.938700E-02
 -4.395407E-02
 -4.732826E-02
 -5.024245E-02
 -5.351302E-02
 -5.747297E-02
 -6.192669E-02
 -6.603455E-02
 -6.908465E-02
 -7.109057E-02
 -7.252039E-02
 -7.328463E-02
 -7.252179E-02
 -7.005833E-02
 -6.654328E-02
 -6.287665E-02
 -5.961012E-02
 -5.679757E-02
 -5.419751E-02
 -5.162125E-02
 -4.906427E-02
 -4.655279E-02
 -4.409357E-02
 -4.169120E-02
 -3.945902E-02
 -3.749245E-02
 -3.574848E-02
 -3.410765E-02
 -3.279080E-02
 -3.265561E-02
 -3.402795E-02
 -3.645696E-02
 -3.915972E-02
 -4.141673E-02
 -4.298602E-02
 -4.408983E-02
 -4.511016E-02
 -4.625693E-02
 -4.665310E-02
 -4.479048E-02
 -4.044598E-02
 -3.470638E-02
 -2.907641E-02
 -2.437961E-02
 -2.051703E-02
 -1.623612E-02
 -1.020885E-02
 -3.306018E-03
  2.907511E-03
  7.726573E-03
  1.117557E-02
  1.372714E-02
  1.602474E-02
  1.852009E-02
  2.131889E-02
  2.424488E-02
  2.707510E-02
  2.943435E-02
  2.985619E-02
  2.740066E-02
  2.300759E-02
  1.846209E-02
  1.492761E-02
  1.289937E-02
  1.224328E-02
  1.229910E-02
  1.278600E-02
  1.399417E-02
  1.598942E-02
  1.850317E-02
  2.113491E-02
  2.362035E-02
  2.590471E-02
  2.790504E-02
  2.955138E-02
  3.093200E-02
  3.175639E-02
  3.088984E-02
  2.785327E-02
  2.236636E-02
  1.468508E-02
  6.678959E-03
 -6.501219E-05
 -4.926323E-03
 -8.252170E-03
 -1.099478E-02
 -1.428143E-02
 -1.882363E-02
 -2.448035E-02
 -3.049367E-02
 -3.518302E-02
 -3.736143E-02
 -3.738663E-02
 -3.647118E-02
 -3.567277E-02
 -3.487412E-02
 -3.322125E-02
 -3.036367E-02
 -2.659069E-02
 -2.247369E-02
 -1.848954E-02
 -1.481030E-02
 -1.135091E-02
 -7.935065E-03
 -5.047747E-03
 -4.139285E-03
 -5.616329E-03
 -8.671325E-03
 -1.207033E-02
 -1.484796E-02
 -1.677695E-02
 -1.820333E-02
 -1.961941E-02
 -2.133627E-02
 -2.324246E-02
 -2.435656E-02
 -2.389795E-02
 -2.203744E-02
 -1.940600E-02
 -1.637866E-02
 -1.313980E-02
 -9.808569E-03
 -6.440193E-03
 -3.112469E-03
 -1.340230E-05
  2.793118E-03
  5.405964E-03
  7.971528E-03
  1.058718E-02
  1.327169E-02
  1.599107E-02
  1.869716E-02
  2.092430E-02
  2.146197E-02
  1.999012E-02
  1.766403E-02
  1.585051E-02
  1.509483E-02
  1.516329E-02
  1.566927E-02
  1.638436E-02
  1.714286E-02
  1.781038E-02
  1.795491E-02
  1.726018E-02
  1.589382E-02
  1.426960E-02
  1.296474E-02
  1.287187E-02
  1.428609E-02
  1.671078E-02
  1.942545E-02
  2.224691E-02
  2.539478E-02
  2.897106E-02
  3.286434E-02
  3.670149E-02
  4.016629E-02
  4.324786E-02
  4.613065E-02
  4.867471E-02
  4.986501E-02
  4.917770E-02
  4.708144E-02
  4.444569E-02
  4.172572E-02
  3.886988E-02
  3.576604E-02
  3.255603E-02
  2.982354E-02
  2.790484E-02
  2.663439E-02
  2.561310E-02
  2.440945E-02
  2.256409E-02
  1.997650E-02
  1.693169E-02
  1.376716E-02
  1.017271E-02
  5.505906E-03
 -2.981629E-04
 -6.790559E-03
 -1.341117E-02
 -1.959492E-02
 -2.500124E-02
 -2.976757E-02
 -3.429166E-02
 -3.892286E-02
 -4.380246E-02
 -4.891807E-02
 -5.421335E-02
 -5.931992E-02
 -6.350887E-02
 -6.658265E-02
 -6.892799E-02
 -7.109739E-02
 -7.337835E-02
 -7.496169E-02
 -7.481816E-02
 -7.293680E-02
 -7.007672E-02
 -6.702933E-02
 -6.362787E-02
 -5.911639E-02
 -5.331826E-02
 -4.663022E-02
 -3.952026E-02
 -3.232011E-02
 -2.527873E-02
 -1.932155E-02
 -1.531275E-02
 -1.301720E-02
 -1.151858E-02
 -9.965812E-03
 -7.999227E-03
 -5.705030E-03
 -3.354551E-03
 -1.172234E-03
  8.964249E-04
  3.615123E-03
  7.603463E-03
  1.271658E-02
  1.840555E-02
  2.452046E-02
  3.118667E-02
  3.770036E-02
  4.260563E-02
  4.547837E-02
  4.686656E-02
  4.730866E-02
  4.726964E-02
  4.712879E-02
  4.706860E-02
  4.704437E-02
  4.659234E-02
  4.525607E-02
  4.308582E-02
  4.047891E-02
  3.784884E-02
  3.532972E-02
  3.271872E-02
  2.984728E-02
  2.671321E-02
  2.343507E-02
  2.019751E-02
  1.712032E-02
  1.434545E-02
  1.220488E-02
  1.076222E-02
  9.756911E-03
  8.850401E-03
  7.827450E-03
  6.641865E-03
  5.356878E-03
  4.070033E-03
  2.848071E-03
  1.738264E-03
  7.976042E-04
  6.087648E-06
 -7.152400E-04
 -1.443012E-03
 -2.211919E-03
 -2.842015E-03
 -2.827405E-03
 -1.976240E-03
 -5.360393E-04
  1.089083E-03
  2.605151E-03
  3.924170E-03
  4.796487E-03
  4.458140E-03
  2.682002E-03
 -4.398426E-05
 -3.018584E-03
 -5.492425E-03
 -6.692134E-03
 -6.603385E-03
 -5.829362E-03
 -5.040636E-03
 -4.626714E-03
 -4.694655E-03
 -5.099356E-03
 -5.579991E-03
 -5.938315E-03
 -6.119863E-03
 -6.186488E-03
 -6.235985E-03
 -6.260843E-03
 -6.129591E-03
 -5.793093E-03
 -5.310817E-03
 -4.778903E-03
 -4.266931E-03
 -3.815523E-03
 -3.616725E-03
 -3.855556E-03
 -4.476722E-03
 -5.276317E-03
 -6.063913E-03
 -6.752504E-03
 -7.269700E-03
 -7.191224E-03
 -6.225060E-03
 -4.560053E-03
 -2.618566E-03
 -7.980503E-04
  6.329036E-04
  1.680731E-03
  2.547393E-03
  3.446256E-03
  4.484393E-03
  5.648829E-03
  6.898959E-03
  8.499477E-03
  1.070545E-02
  1.343116E-02
  1.639565E-02
  1.929508E-02
  2.152048E-02
  2.261010E-02
  2.296086E-02
  2.335357E-02
  2.424812E-02
  2.564339E-02
  2.727241E-02
  2.884906E-02
  3.013172E-02
  3.094967E-02
  3.137495E-02
  3.164457E-02
  3.211731E-02
  3.307025E-02
  3.447207E-02
  3.608839E-02
  3.768361E-02
  3.920567E-02
  4.103038E-02
  4.349631E-02
  4.654824E-02
  4.973437E-02
  5.246472E-02
  5.454457E-02
  5.617840E-02
  5.770068E-02
  5.899815E-02
  5.897544E-02
  5.702382E-02
  5.359286E-02
  4.976386E-02
  4.652811E-02
  4.417294E-02
  4.238750E-02
  4.060719E-02
  3.832207E-02
  3.542361E-02
  3.214588E-02
  2.888123E-02
  2.606832E-02
  2.385173E-02
  2.204256E-02
  2.033617E-02
  1.841332E-02
  1.597250E-02
  1.301857E-02
  9.795760E-03
  6.572280E-03
  3.501748E-03
  5.958342E-04
 -2.229520E-03
 -5.071500E-03
 -7.963893E-03
 -1.071882E-02
 -1.314362E-02
 -1.525069E-02
 -1.717970E-02
 -1.903066E-02
 -2.084660E-02
 -2.264797E-02
 -2.441594E-02
 -2.553038E-02
 -2.483412E-02
 -2.214654E-02
 -1.824137E-02
 -1.415400E-02
 -1.082626E-02
 -8.594199E-03
 -7.109704E-03
 -5.781801E-03
 -4.188427E-03
 -2.222808E-03
 -4.915733E-06
  2.266056E-03
  4.437789E-03
  6.461784E-03
  7.857054E-03
  7.257404E-03
  4.215742E-03
 -4.713600E-04
 -5.599902E-03
 -1.033675E-02
 -1.443849E-02
 -1.801095E-02
 -2.135576E-02
 -2.479199E-02
 -2.852330E-02
 -3.254590E-02
 -3.668056E-02
 -4.059910E-02
 -4.409815E-02
 -4.724213E-02
 -5.034605E-02
 -5.380312E-02
 -5.773054E-02
 -6.197296E-02
 -6.625738E-02
 -6.960143E-02
 -7.044074E-02
 -6.858846E-02
 -6.513805E-02
 -6.143121E-02
 -5.850575E-02
 -5.690195E-02
 -5.635144E-02
 -5.615943E-02
 -5.573918E-02
 -5.483368E-02
 -5.316140E-02
 -5.063559E-02
 -4.756840E-02
 -4.439052E-02
 -4.138155E-02
 -3.850984E-02
 -3.547539E-02
 -3.209224E-02
 -2.839305E-02
 -2.447516E-02
 -1.977232E-02
 -1.349841E-02
 -6.012759E-03
  1.506864E-03
  8.256302E-03
  1.392256E-02
  1.858651E-02
  2.271943E-02
  2.692595E-02
  3.158328E-02
  3.667996E-02
  4.193813E-02
  4.664023E-02
  4.996569E-02
  5.189451E-02
  5.304631E-02
  5.412165E-02
  5.527829E-02
  5.597087E-02
  5.586498E-02
  5.508335E-02
  5.398061E-02
  5.288702E-02
  5.197471E-02
  5.123654E-02
  5.056492E-02
  4.985453E-02
  4.906658E-02
  4.829766E-02
  4.767589E-02
  4.722745E-02
  4.689039E-02
  4.658130E-02
  4.624464E-02
  4.586776E-02
  4.544685E-02
  4.469029E-02
  4.313771E-02
  4.076269E-02
  3.791415E-02
  3.499639E-02
  3.224538E-02
  2.968558E-02
  2.721135E-02
  2.470145E-02
  2.209289E-02
  1.944462E-02
  1.709523E-02
  1.530141E-02
  1.398964E-02
  1.289993E-02
  1.177318E-02
  1.039052E-02
  8.691618E-03
  6.791797E-03
  4.863692E-03
  3.080484E-03
  1.556145E-03
  2.523230E-04
 -9.597687E-04
 -2.198191E-03
 -3.527538E-03
 -5.102529E-03
 -7.085607E-03
 -9.427567E-03
 -1.193804E-02
 -1.443797E-02
 -1.681675E-02
 -1.880357E-02
 -2.016760E-02
 -2.101393E-02
 -2.165676E-02
 -2.253491E-02
 -2.390763E-02
 -2.569478E-02
 -2.764042E-02
 -2.951951E-02
 -3.124142E-02
 -3.283038E-02
 -3.410926E-02
 -3.465588E-02
 -3.441876E-02
 -3.371275E-02
 -3.292031E-02
 -3.228388E-02
 -3.194465E-02
 -3.182549E-02
 -3.097976E-02
 -2.842396E-02
 -2.414941E-02
 -1.885713E-02
 -1.337230E-02
 -8.101191E-03
 -2.930992E-03
  2.362550E-03
  7.718193E-03
  1.277113E-02
  1.735272E-02
  2.132587E-02
  2.443319E-02
  2.676804E-02
  2.870304E-02
  2.971510E-02
  3.099716E-02
  3.116560E-02
  3.022299E-02
  2.864577E-02
  2.694612E-02
  2.533045E-02
  2.376055E-02
  2.213895E-02
  2.040386E-02
  1.853458E-02
  1.632833E-02
  1.353611E-02
  1.021158E-02
  6.671797E-03
  3.301117E-03
  2.601431E-04
 -2.532631E-03
 -5.348773E-03
 -8.504470E-03
 -1.207086E-02
 -1.587677E-02
 -1.945534E-02
 -2.228632E-02
 -2.432020E-02
 -2.588971E-02
 -2.709078E-02
 -2.716589E-02
 -2.568400E-02
 -2.301704E-02
 -1.988308E-02
 -1.677167E-02
 -1.378934E-02
 -1.085229E-02
 -8.059191E-03
 -5.859890E-03
 -4.390188E-03
 -3.405380E-03
 -2.552247E-03
 -1.644717E-03
 -1.226885E-03
 -2.100944E-03
 -4.323995E-03
 -7.331907E-03
 -1.046243E-02
 -1.327638E-02
 -1.546829E-02
 -1.701933E-02
 -1.821137E-02
 -1.936293E-02
 -2.064951E-02
 -2.207833E-02
 -2.355796E-02
 -2.490618E-02
 -2.584779E-02
 -2.631422E-02
 -2.647091E-02
 -2.656357E-02
 -2.690093E-02
 -2.767175E-02
 -2.879488E-02
 -3.004730E-02
 -3.123235E-02
 -3.223041E-02
 -3.302765E-02
 -3.370612E-02
 -3.436810E-02
 -3.491562E-02
 -3.470471E-02
 -3.333308E-02
 -3.104474E-02
 -2.839264E-02
 -2.580769E-02
 -2.339131E-02
 -2.105416E-02
 -1.867761E-02
 -1.619916E-02
 -1.362245E-02
 -1.096607E-02
 -8.263038E-03
 -5.560133E-03
 -2.915326E-03
 -6.637676E-04
  7.227131E-04
  1.241477E-03
  1.275162E-03
  1.249810E-03
  1.403599E-03
  1.807458E-03
  2.479999E-03
  3.326065E-03
  4.201798E-03
  5.008102E-03
  5.725030E-03
  6.393612E-03
  7.166064E-03
  8.261371E-03
  9.705462E-03
  1.134678E-02
  1.273791E-02
  1.314287E-02
  1.240799E-02
  1.096466E-02
  9.384463E-03
  7.878972E-03
  6.149895E-03
  3.984550E-03
  1.543184E-03
 -7.194681E-04
 -2.554528E-03
 -4.019846E-03
 -5.322520E-03
 -6.751234E-03
 -8.721418E-03
 -1.123546E-02
 -1.355004E-02
 -1.502951E-02
 -1.565595E-02
 -1.582101E-02
 -1.595534E-02
 -1.629536E-02
 -1.684741E-02
 -1.739189E-02
 -1.753572E-02
 -1.712710E-02
 -1.632124E-02
 -1.539427E-02
 -1.462180E-02
 -1.417464E-02
 -1.401111E-02
 -1.396647E-02
 -1.388710E-02
 -1.368099E-02
 -1.322792E-02
 -1.249099E-02
 -1.157415E-02
 -1.062415E-02
 -9.738001E-03
 -8.935424E-03
 -8.198211E-03
 -7.566551E-03
 -7.071832E-03
 -6.679931E-03
 -6.328094E-03
 -5.923311E-03
 -5.264529E-03
 -4.259093E-03
 -3.010236E-03
 -1.697458E-03
 -4.542232E-04
  6.788642E-04
  1.732924E-03
  2.761936E-03
  3.803048E-03
  4.847719E-03
  5.819067E-03
  6.661281E-03
  7.386975E-03
  8.047199E-03
  8.671265E-03
  8.994655E-03
  8.594286E-03
  7.452182E-03
  5.904957E-03
  4.419102E-03
  3.300897E-03
  2.549959E-03
  1.979693E-03
  1.381068E-03
  5.151569E-04
 -7.459831E-04
 -2.297180E-03
 -3.924504E-03
 -5.444131E-03
 -6.772538E-03
 -7.939979E-03
 -9.031679E-03
 -1.011896E-02
 -1.108806E-02
 -1.147286E-02
 -1.105163E-02
 -1.003935E-02
 -8.826620E-03
 -7.711879E-03
 -6.794006E-03
 -6.003998E-03
 -5.218773E-03
 -4.360608E-03
 -3.424477E-03
 -2.453824E-03
 -1.500540E-03
 -5.904802E-04
  3.347676E-04
  1.349887E-03
  2.456063E-03
  3.599749E-03
  4.721644E-03
  5.788122E-03
  6.784584E-03
  7.607838E-03
  8.160113E-03
  8.480590E-03
  8.689011E-03
  8.892846E-03
  9.139096E-03
  9.420230E-03
  9.712878E-03
  9.994836E-03
  1.025126E-02
  1.047890E-02
  1.068346E-02
  1.082933E-02
  1.078179E-02
  1.048591E-02
  1.001852E-02
  9.503081E-03
  9.028622E-03
  8.621186E-03
  8.263439E-03
  7.934088E-03
  7.616908E-03
  7.301866E-03
  6.987495E-03
  6.678663E-03
  6.381946E-03
  6.105469E-03
  5.852671E-03
  5.619345E-03
  5.398151E-03
  5.183554E-03
  4.973657E-03
  4.769540E-03
  4.573293E-03
  4.386514E-03
  4.209476E-03
  4.033415E-03
  3.835995E-03
  3.611259E-03
  3.373109E-03
  3.126021E-03
  2.836102E-03
  2.489515E-03
  2.111024E-03
  1.738578E-03
  1.398951E-03
  1.099773E-03
  8.332973E-04
  5.835732E-04
  3.408772E-04
  1.072718E-04
 -1.091926E-04
 -3.010340E-04
 -4.650607E-04
 -6.023543E-04
 -7.103519E-04
 -7.052087E-04
 -4.696038E-04
 -1.850374E-05
  5.339751E-04
  1.071489E-03
  1.533815E-03
  1.925460E-03
  2.334545E-03
  2.823695E-03
  3.333703E-03
  3.791413E-03
  4.166436E-03
  4.468972E-03
  4.730456E-03
  4.983166E-03
  5.237345E-03
  5.482293E-03
  5.684991E-03
  5.811459E-03
  5.863729E-03
  5.869754E-03
  5.859091E-03
  5.844484E-03
  5.797418E-03
  5.690568E-03
  5.532127E-03
  5.350475E-03
  5.171740E-03
  5.009786E-03
  4.885879E-03
  4.821895E-03
  4.805389E-03
  4.803407E-03
  4.787684E-03
  4.743648E-03
  4.647094E-03
  4.489249E-03
  4.293186E-03
  4.091333E-03
  3.905115E-03
  3.737240E-03
  3.570802E-03
  3.391720E-03
  3.201516E-03
  3.010166E-03
  2.826630E-03
  2.661384E-03
  2.542422E-03
  2.481231E-03
  2.457678E-03
  2.441496E-03
  2.411879E-03
  2.356541E-03
  2.263921E-03
  2.140894E-03
  2.007451E-03
  1.881340E-03
  1.770061E-03
  1.670772E-03
  1.573730E-03
  1.472951E-03
  1.369914E-03
  1.269813E-03
  1.178071E-03
  1.099766E-03
  1.035162E-03
  9.798286E-04
  9.286001E-04
  8.783885E-04
  8.286218E-04
  7.802028E-04
  7.339799E-04
  6.882906E-04
  6.415593E-04
  5.958960E-04
  5.544952E-04
  5.182191E-04
  4.858652E-04
  4.556286E-04
  4.258597E-04
  3.959792E-04
  3.665196E-04
  3.380980E-04
  3.107728E-04
  2.846582E-04
  2.600068E-04
  2.376326E-04
  2.179108E-04
  2.001006E-04
  1.830931E-04
  1.661288E-04
  1.489084E-04
  1.315478E-04
  1.143737E-04
  9.767229E-05
  8.154884E-05
  6.597018E-05
  5.093242E-05
  3.703348E-05
  2.448123E-05
  1.269110E-05
  9.334548E-07
 -1.120923E-05
 -2.374947E-05
 -3.637866E-05
 -4.875239E-05
 -6.063867E-05
 -7.191167E-05
 -8.251629E-05
 -9.243438E-05
 -1.016494E-04
 -1.101271E-04
 -1.178170E-04
 -1.246747E-04
 -1.306698E-04
 -1.357861E-04
 -1.400067E-04
 -1.433217E-04
 -1.457285E-04
 -1.472198E-04
 -1.477871E-04
 -1.474278E-04
 -1.461436E-04
 -1.439410E-04
 -1.408272E-04
 -1.368104E-04
 -1.318976E-04
 -1.260959E-04
 -1.194121E-04
 -1.118529E-04
 -1.034241E-04
 -9.413319E-05
 -8.398837E-05
 -7.299814E-05
 -6.117111E-05
 -4.851583E-05
 -3.504087E-05
 -2.075494E-05
 -5.666817E-06
  1.021448E-05
  2.687978E-05
  4.431976E-05
  6.252486E-05
  8.148541E-05
  1.011915E-04
