   1.5999200e-05   5.0020498e+00
   1.2797440e-04   5.0081968e+00
   4.3180564e-04   5.0184336e+00
   1.0231811e-03   5.0327483e+00
   1.9975014e-03   5.0511238e+00
   3.4497841e-03   5.0735385e+00
   5.4745687e-03   5.0999658e+00
   8.1658219e-03   5.1303744e+00
   1.1616844e-02   5.1647284e+00
   1.5920173e-02   5.2029873e+00
   2.1167496e-02   5.2451057e+00
   2.7449554e-02   5.2910338e+00
   3.4856051e-02   5.3407174e+00
   4.3475563e-02   5.3940978e+00
   5.3395453e-02   5.4511117e+00
   6.4701777e-02   5.5116920e+00
   7.7479201e-02   5.5757669e+00
   9.1810914e-02   5.6432608e+00
   1.0777854e-01   5.7140939e+00
   1.2546208e-01   5.7881826e+00
   1.4493977e-01   5.8654393e+00
   1.6628807e-01   5.9457729e+00
   1.8958155e-01   6.0290885e+00
   2.1489283e-01   6.1152876e+00
   2.4229247e-01   6.2042686e+00
   2.7184895e-01   6.2959265e+00
   3.0362854e-01   6.3901530e+00
   3.3769530e-01   6.4868370e+00
   3.7411095e-01   6.5858645e+00
   4.1293484e-01   6.6871186e+00
   4.5422387e-01   6.7904799e+00
   4.9803245e-01   6.8958265e+00
   5.4441243e-01   7.0030341e+00
   5.9341302e-01   7.1119765e+00
   6.4508079e-01   7.2225251e+00
   6.9945957e-01   7.3345496e+00
   7.5659044e-01   7.4479180e+00
   8.1651165e-01   7.5624967e+00
   8.7925859e-01   7.6781506e+00
   9.4486376e-01   7.7947434e+00
   1.0133567e+00   7.9121377e+00
   1.0847641e+00   8.0301950e+00
   1.1591094e+00   8.1487764e+00
   1.2364132e+00   8.2677418e+00
   1.3166930e+00   8.3869512e+00
   1.3999632e+00   8.5062639e+00
   1.4862350e+00   8.6255392e+00
   1.5755167e+00   8.7446363e+00
   1.6678133e+00   8.8634147e+00
   1.7631265e+00   8.9817342e+00
   1.8614552e+00   9.0994550e+00
   1.9627948e+00   9.2164379e+00
   2.0671376e+00   9.3325447e+00
   2.1744729e+00   9.4476378e+00
   2.2847866e+00   9.5615811e+00
   2.3980616e+00   9.6742393e+00
   2.5142774e+00   9.7854789e+00
   2.6334105e+00   9.8951676e+00
   2.7554344e+00   1.0003175e+01
   2.8803192e+00   1.0109372e+01
   3.0080320e+00   1.0213633e+01
   3.1385368e+00   1.0315831e+01
   3.2717946e+00   1.0415846e+01
   3.4077634e+00   1.0513557e+01
   3.5463980e+00   1.0608846e+01
   3.6876504e+00   1.0701597e+01
   3.8314696e+00   1.0791700e+01
   3.9778017e+00   1.0879043e+01
   4.1265899e+00   1.0963520e+01
   4.2777748e+00   1.1045027e+01
   4.4312939e+00   1.1123464e+01
   4.5870822e+00   1.1198734e+01
   4.7450721e+00   1.1270741e+01
   4.9051931e+00   1.1339395e+01
   5.0673723e+00   1.1404609e+01
   5.2315345e+00   1.1466299e+01
   5.3976018e+00   1.1524384e+01
   5.5654939e+00   1.1578789e+01
   5.7351283e+00   1.1629440e+01
   5.9064204e+00   1.1676267e+01
   6.0792831e+00   1.1719206e+01
   6.2536274e+00   1.1758195e+01
   6.4293624e+00   1.1793177e+01
   6.6063948e+00   1.1824098e+01
   6.7846300e+00   1.1850909e+01
   6.9639711e+00   1.1873563e+01
   7.1443198e+00   1.1892019e+01
   7.3255761e+00   1.1906239e+01
   7.5076383e+00   1.1916190e+01
   7.6904034e+00   1.1921843e+01
   7.8737670e+00   1.1923171e+01
   8.0576233e+00   1.1920153e+01
   8.2418654e+00   1.1912772e+01
   8.4263853e+00   1.1901014e+01
   8.6110740e+00   1.1884870e+01
   8.7958214e+00   1.1864334e+01
   8.9805168e+00   1.1839404e+01
   9.1650485e+00   1.1810082e+01
   9.3493044e+00   1.1776375e+01
   9.5331718e+00   1.1738293e+01
   9.7165374e+00   1.1695848e+01
   9.8992877e+00   1.1649058e+01
   1.0081309e+01   1.1597944e+01
   1.0262487e+01   1.1542530e+01
   1.0442708e+01   1.1482844e+01
   1.0621857e+01   1.1418918e+01
   1.0799822e+01   1.1350786e+01
   1.0976488e+01   1.1278485e+01
   1.1151742e+01   1.1202058e+01
   1.1325471e+01   1.1121548e+01
   1.1497563e+01   1.1037002e+01
   1.1667906e+01   1.0948470e+01
   1.1836388e+01   1.0856006e+01
   1.2002901e+01   1.0759665e+01
   1.2167333e+01   1.0659506e+01
   1.2329578e+01   1.0555588e+01
   1.2489528e+01   1.0447976e+01
   1.2647076e+01   1.0336735e+01
   1.2802118e+01   1.0221932e+01
   1.2954551e+01   1.0103637e+01
   1.3104272e+01   9.9819229e+00
   1.3251182e+01   9.8568623e+00
   1.3395181e+01   9.7285309e+00
   1.3536172e+01   9.5970057e+00
   1.3674061e+01   9.4623653e+00
   1.3808753e+01   9.3246897e+00
   1.3940158e+01   9.1840601e+00
   1.4068185e+01   9.0405589e+00
   1.4192749e+01   8.8942695e+00
   1.4313763e+01   8.7452765e+00
   1.4431145e+01   8.5936649e+00
   1.4544815e+01   8.4395207e+00
   1.4654694e+01   8.2829304e+00
   1.4760707e+01   8.1239809e+00
   1.4862781e+01   7.9627595e+00
   1.4960846e+01   7.7993538e+00
   1.5054834e+01   7.6338514e+00
   1.5144680e+01   7.4663400e+00
   1.5230322e+01   7.2969072e+00
   1.5311700e+01   7.1256403e+00
   1.5388758e+01   6.9526264e+00
   1.5461443e+01   6.7779522e+00
   1.5529704e+01   6.6017037e+00
   1.5593493e+01   6.4239665e+00
   1.5652766e+01   6.2448254e+00
   1.5707482e+01   6.0643644e+00
   1.5757603e+01   5.8826665e+00
   1.5803094e+01   5.6998139e+00
   1.5843922e+01   5.5158876e+00
   1.5880060e+01   5.3309674e+00
   1.5911482e+01   5.1451320e+00
   1.5938167e+01   4.9584588e+00
   1.5960095e+01   4.7710235e+00
   1.5977251e+01   4.5829008e+00
   1.5989623e+01   4.3941634e+00
   1.5997203e+01   4.2048829e+00
   1.5999985e+01   4.0151289e+00
   1.5997967e+01   3.8249694e+00
   1.5991151e+01   3.6344707e+00
   1.5979542e+01   3.4436972e+00
   1.5963147e+01   3.2527115e+00
   1.5941978e+01   3.0615743e+00
   1.5916050e+01   2.8703444e+00
   1.5885381e+01   2.6790786e+00
   1.5849993e+01   2.4878318e+00
   1.5809909e+01   2.2966568e+00
   1.5765159e+01   2.1056043e+00
   1.5715774e+01   1.9147232e+00
   1.5661787e+01   1.7240601e+00
   1.5603236e+01   1.5336596e+00
   1.5540164e+01   1.3435642e+00
   1.5472612e+01   1.1538143e+00
   1.5400628e+01   9.6444841e-01
   1.5324263e+01   7.7550273e-01
   1.5243569e+01   5.8701150e-01
   1.5158603e+01   3.9900691e-01
   1.5069422e+01   2.1151910e-01
   1.4976090e+01   2.4576209e-02
   1.4878670e+01  -1.6179563e-01
   1.4777230e+01  -3.4757222e-01
   1.4671839e+01  -5.3273131e-01
   1.4562570e+01  -7.1725255e-01
   1.4449499e+01  -9.0111744e-01
   1.4332703e+01  -1.0843093e+00
   1.4212262e+01  -1.2668133e+00
   1.4088258e+01  -1.4486161e+00
   1.3960776e+01  -1.6297064e+00
   1.3829904e+01  -1.8100743e+00
   1.3695729e+01  -1.9897115e+00
   1.3558343e+01  -2.1686112e+00
   1.3417840e+01  -2.3467682e+00
   1.3274313e+01  -2.5241787e+00
   1.3127861e+01  -2.7008399e+00
   1.2978580e+01  -2.8767508e+00
   1.2826573e+01  -3.0519113e+00
   1.2671939e+01  -3.2263224e+00
   1.2514783e+01  -3.3999863e+00
   1.2355209e+01  -3.5729062e+00
   1.2193323e+01  -3.7450862e+00
   1.2029231e+01  -3.9165313e+00
   1.1863043e+01  -4.0872473e+00
   1.1694866e+01  -4.2572406e+00
   1.1524813e+01  -4.4265183e+00
   1.1352992e+01  -4.5950881e+00
   1.1179516e+01  -4.7629583e+00
   1.1004497e+01  -4.9301373e+00
   1.0828049e+01  -5.0966341e+00
   1.0650283e+01  -5.2624578e+00
   1.0471315e+01  -5.4276179e+00
   1.0291257e+01  -5.5921239e+00
   1.0110224e+01  -5.7559851e+00
   9.9283291e+00  -5.9192112e+00
   9.7456873e+00  -6.0818115e+00
   9.5624121e+00  -6.2437951e+00
   9.3786171e+00  -6.4051711e+00
   9.1944155e+00  -6.5659480e+00
   9.0099201e+00  -6.7261340e+00
   8.8252434e+00  -6.8857371e+00
   8.6404968e+00  -7.0447643e+00
   8.4557914e+00  -7.2032223e+00
   8.2712373e+00  -7.3611173e+00
   8.0869436e+00  -7.5184545e+00
   7.9030187e+00  -7.6752384e+00
   7.7195695e+00  -7.8314728e+00
   7.5367021e+00  -7.9871605e+00
   7.3545210e+00  -8.1423036e+00
   7.1731295e+00  -8.2969028e+00
   6.9926295e+00  -8.4509583e+00
   6.8131213e+00  -8.6044688e+00
   6.6347035e+00  -8.7574322e+00
   6.4574731e+00  -8.9098451e+00
   6.2815252e+00  -9.0617029e+00
   6.1069532e+00  -9.2130000e+00
   5.9338485e+00  -9.3637293e+00
   5.7623005e+00  -9.5138825e+00
   5.5923963e+00  -9.6634502e+00
   5.4242211e+00  -9.8124214e+00
   5.2578578e+00  -9.9607840e+00
   5.0933869e+00  -1.0108525e+01
   4.9308867e+00  -1.0255628e+01
   4.7704330e+00  -1.0402078e+01
   4.6120989e+00  -1.0547858e+01
   4.4559554e+00  -1.0692947e+01
   4.3020704e+00  -1.0837326e+01
   4.1505096e+00  -1.0980974e+01
   4.0013356e+00  -1.1123866e+01
   3.8546084e+00  -1.1265979e+01
   3.7103853e+00  -1.1407287e+01
   3.5687206e+00  -1.1547762e+01
   3.4296658e+00  -1.1687377e+01
   3.2932694e+00  -1.1826101e+01
   3.1595769e+00  -1.1963905e+01
   3.0286309e+00  -1.2100754e+01
   2.9004709e+00  -1.2236617e+01
   2.7751335e+00  -1.2371459e+01
   2.6526519e+00  -1.2505244e+01
   2.5330565e+00  -1.2637935e+01
   2.4163744e+00  -1.2769495e+01
   2.3026296e+00  -1.2899884e+01
   2.1918431e+00  -1.3029064e+01
   2.0840324e+00  -1.3156993e+01
   1.9792122e+00  -1.3283630e+01
   1.8773936e+00  -1.3408932e+01
   1.7785851e+00  -1.3532857e+01
   1.6827914e+00  -1.3655360e+01
   1.5900144e+00  -1.3776398e+01
   1.5002528e+00  -1.3895925e+01
   1.4135021e+00  -1.4013896e+01
   1.3297545e+00  -1.4130264e+01
   1.2489993e+00  -1.4244984e+01
   1.1712226e+00  -1.4358008e+01
   1.0964074e+00  -1.4469290e+01
   1.0245337e+00  -1.4578783e+01
   9.5557826e-01  -1.4686438e+01
   8.8951506e-01  -1.4792210e+01
   8.2631500e-01  -1.4896049e+01
   7.6594605e-01  -1.4997910e+01
   7.0837326e-01  -1.5097744e+01
   6.5355885e-01  -1.5195506e+01
   6.0146217e-01  -1.5291147e+01
   5.5203984e-01  -1.5384623e+01
   5.0524572e-01  -1.5475887e+01
   4.6103101e-01  -1.5564893e+01
   4.1934428e-01  -1.5651597e+01
   3.8013152e-01  -1.5735954e+01
   3.4333623e-01  -1.5817922e+01
   3.0889945e-01  -1.5897457e+01
   2.7675981e-01  -1.5974517e+01
   2.4685365e-01  -1.6049061e+01
   2.1911503e-01  -1.6121050e+01
   1.9347582e-01  -1.6190444e+01
   1.6986578e-01  -1.6257205e+01
   1.4821262e-01  -1.6321296e+01
   1.2844208e-01  -1.6382681e+01
   1.1047799e-01  -1.6441327e+01
   9.4242391e-02  -1.6497200e+01
   7.9655556e-02  -1.6550268e+01
   6.6636118e-02  -1.6600501e+01
   5.5101130e-02  -1.6647870e+01
   4.4966156e-02  -1.6692347e+01
   3.6145354e-02  -1.6733907e+01
   2.8551566e-02  -1.6772526e+01
   2.2096402e-02  -1.6808180e+01
   1.6690330e-02  -1.6840849e+01
   1.2242770e-02  -1.6870513e+01
   8.6621801e-03  -1.6897155e+01
   5.8561499e-03  -1.6920759e+01
   3.7314948e-03  -1.6941310e+01
   2.1943481e-03  -1.6958797e+01
   1.1502552e-03  -1.6973209e+01
   5.0426817e-04  -1.6984537e+01
   1.6104112e-04  -1.6992775e+01
   2.4925242e-05  -1.6997917e+01
   6.4637330e-08  -1.6999961e+01
  -9.5078311e-06  -1.6998904e+01
  -9.9774592e-05  -1.6994749e+01
  -3.6663739e-04  -1.6987497e+01
  -9.0582136e-04  -1.6977153e+01
  -1.8127793e-03  -1.6963722e+01
  -3.1825962e-03  -1.6947214e+01
  -5.1098941e-03  -1.6927637e+01
  -7.6887372e-03  -1.6905004e+01
  -1.1012538e-02  -1.6879328e+01
  -1.5173963e-02  -1.6850625e+01
  -2.0264840e-02  -1.6818911e+01
  -2.6376067e-02  -1.6784206e+01
  -3.3597519e-02  -1.6746529e+01
  -4.2017959e-02  -1.6705903e+01
  -5.1724947e-02  -1.6662352e+01
  -6.2804755e-02  -1.6615902e+01
  -7.5342275e-02  -1.6566578e+01
  -8.9420937e-02  -1.6514410e+01
  -1.0512262e-01  -1.6459427e+01
  -1.2252759e-01  -1.6401661e+01
  -1.4171436e-01  -1.6341144e+01
  -1.6275970e-01  -1.6277911e+01
  -1.8573847e-01  -1.6211997e+01
  -2.1072360e-01  -1.6143438e+01
  -2.3778600e-01  -1.6072271e+01
  -2.6699447e-01  -1.5998537e+01
  -2.9841566e-01  -1.5922273e+01
  -3.3211396e-01  -1.5843522e+01
  -3.6815148e-01  -1.5762325e+01
  -4.0658794e-01  -1.5678724e+01
  -4.4748065e-01  -1.5592763e+01
  -4.9088442e-01  -1.5504485e+01
  -5.3685150e-01  -1.5413935e+01
  -5.8543153e-01  -1.5321160e+01
  -6.3667150e-01  -1.5226203e+01
  -6.9061569e-01  -1.5129112e+01
  -7.4730562e-01  -1.5029932e+01
  -8.0677997e-01  -1.4928712e+01
  -8.6907462e-01  -1.4825498e+01
  -9.3422252e-01  -1.4720337e+01
  -1.0022537e+00  -1.4613276e+01
  -1.0731952e+00  -1.4504364e+01
  -1.1470712e+00  -1.4393646e+01
  -1.2239025e+00  -1.4281172e+01
  -1.3037073e+00  -1.4166987e+01
  -1.3865004e+00  -1.4051139e+01
  -1.4722936e+00  -1.3933673e+01
  -1.5610955e+00  -1.3814637e+01
  -1.6529117e+00  -1.3694076e+01
  -1.7477445e+00  -1.3572034e+01
  -1.8455931e+00  -1.3448557e+01
  -1.9464536e+00  -1.3323689e+01
  -2.0503188e+00  -1.3197473e+01
  -2.1571783e+00  -1.3069951e+01
  -2.2670187e+00  -1.2941165e+01
  -2.3798233e+00  -1.2811157e+01
  -2.4955723e+00  -1.2679965e+01
  -2.6142425e+00  -1.2547631e+01
  -2.7358079e+00  -1.2414190e+01
  -2.8602391e+00  -1.2279681e+01
  -2.9875038e+00  -1.2144140e+01
  -3.1175665e+00  -1.2007601e+01
  -3.2503887e+00  -1.1870098e+01
  -3.3859286e+00  -1.1731663e+01
  -3.5241418e+00  -1.1592329e+01
  -3.6649806e+00  -1.1452124e+01
  -3.8083945e+00  -1.1311079e+01
  -3.9543301e+00  -1.1169219e+01
  -4.1027311e+00  -1.1026572e+01
  -4.2535383e+00  -1.0883163e+01
  -4.4066900e+00  -1.0739014e+01
  -4.5621214e+00  -1.0594149e+01
  -4.7197652e+00  -1.0448587e+01
  -4.8795516e+00  -1.0302349e+01
  -5.0414081e+00  -1.0155451e+01
  -5.2052596e+00  -1.0007912e+01
  -5.3710287e+00  -9.8597461e+00
  -5.5386356e+00  -9.7109674e+00
  -5.7079982e+00  -9.5615884e+00
  -5.8790320e+00  -9.4116206e+00
  -6.0516505e+00  -9.2610739e+00
  -6.2257649e+00  -9.1099569e+00
  -6.4012846e+00  -8.9582770e+00
  -6.5781167e+00  -8.8060403e+00
  -6.7561667e+00  -8.6532519e+00
  -6.9353383e+00  -8.4999153e+00
  -7.1155332e+00  -8.3460333e+00
  -7.2966516e+00  -8.1916072e+00
  -7.4785923e+00  -8.0366374e+00
  -7.6612525e+00  -7.8811233e+00
  -7.8445278e+00  -7.7250633e+00
  -8.0283127e+00  -7.5684548e+00
  -8.2125006e+00  -7.4112943e+00
  -8.3969836e+00  -7.2535776e+00
  -8.5816527e+00  -7.0952995e+00
  -8.7663982e+00  -6.9364543e+00
  -8.9511093e+00  -6.7770354e+00
  -9.1356746e+00  -6.6170359e+00
  -9.3199819e+00  -6.4564481e+00
  -9.5039187e+00  -6.2952638e+00
  -9.6873718e+00  -6.1334747e+00
  -9.8702277e+00  -5.9710719e+00
  -1.0052373e+01  -5.8080461e+00
  -1.0233693e+01  -5.6443882e+00
  -1.0414074e+01  -5.4800887e+00
  -1.0593401e+01  -5.3151380e+00
  -1.0771562e+01  -5.1495266e+00
  -1.0948443e+01  -4.9832452e+00
  -1.1123929e+01  -4.8162845e+00
  -1.1297909e+01  -4.6486355e+00
  -1.1470269e+01  -4.4802894e+00
  -1.1640898e+01  -4.3112380e+00
  -1.1809684e+01  -4.1414735e+00
  -1.1976517e+01  -3.9709884e+00
  -1.2141289e+01  -3.7997762e+00
  -1.2303889e+01  -3.6278309e+00
  -1.2464211e+01  -3.4551471e+00
  -1.2622149e+01  -3.2817206e+00
  -1.2777597e+01  -3.1075478e+00
  -1.2930452e+01  -2.9326262e+00
  -1.3080612e+01  -2.7569544e+00
  -1.3227976e+01  -2.5805321e+00
  -1.3372446e+01  -2.4033601e+00
  -1.3513922e+01  -2.2254405e+00
  -1.3652311e+01  -2.0467769e+00
  -1.3787519e+01  -1.8673739e+00
  -1.3919453e+01  -1.6872380e+00
  -1.4048025e+01  -1.5063768e+00
  -1.4173146e+01  -1.3247997e+00
  -1.4294731e+01  -1.1425178e+00
  -1.4412697e+01  -9.5954347e-01
  -1.4526963e+01  -7.7589123e-01
  -1.4637451e+01  -5.9157714e-01
  -1.4744085e+01  -4.0661910e-01
  -1.4846791e+01  -2.2103688e-01
  -1.4945499e+01  -3.4852118e-02
  -1.5040141e+01   1.5191162e-01
  -1.5130651e+01   3.3922882e-01
  -1.5216966e+01   5.2707197e-01
  -1.5299027e+01   7.1541158e-01
  -1.5376777e+01   9.0421612e-01
  -1.5450162e+01   1.0934520e+00
  -1.5519130e+01   1.2830836e+00
  -1.5583635e+01   1.4730732e+00
  -1.5643630e+01   1.6633811e+00
  -1.5699075e+01   1.8539653e+00
  -1.5749930e+01   2.0447820e+00
  -1.5796160e+01   2.2357851e+00
  -1.5837733e+01   2.4269264e+00
  -1.5874620e+01   2.6181560e+00
  -1.5906795e+01   2.8094216e+00
  -1.5934235e+01   3.0006690e+00
  -1.5956921e+01   3.1918420e+00
  -1.5974838e+01   3.3828825e+00
  -1.5987973e+01   3.5737303e+00
  -1.5996317e+01   3.7643235e+00
  -1.5999863e+01   3.9545981e+00
  -1.5998610e+01   4.1444886e+00
  -1.5992558e+01   4.3339274e+00
  -1.5981711e+01   4.5228454e+00
  -1.5966078e+01   4.7111717e+00
  -1.5945668e+01   4.8988340e+00
  -1.5920497e+01   5.0857582e+00
  -1.5890582e+01   5.2718688e+00
  -1.5855944e+01   5.4570889e+00
  -1.5816606e+01   5.6413404e+00
  -1.5772598e+01   5.8245438e+00
  -1.5723948e+01   6.0066184e+00
  -1.5670691e+01   6.1874823e+00
  -1.5612865e+01   6.3670530e+00
  -1.5550510e+01   6.5452465e+00
  -1.5483668e+01   6.7219784e+00
  -1.5412388e+01   6.8971634e+00
  -1.5336717e+01   7.0707156e+00
  -1.5256709e+01   7.2425483e+00
  -1.5172419e+01   7.4125748e+00
  -1.5083905e+01   7.5807078e+00
  -1.4991230e+01   7.7468596e+00
  -1.4894456e+01   7.9109427e+00
  -1.4793652e+01   8.0728693e+00
  -1.4688885e+01   8.2325520e+00
  -1.4580230e+01   8.3899032e+00
  -1.4467759e+01   8.5448360e+00
  -1.4351551e+01   8.6972636e+00
  -1.4231685e+01   8.8471001e+00
  -1.4108243e+01   8.9942598e+00
  -1.3981309e+01   9.1386582e+00
  -1.3850971e+01   9.2802115e+00
  -1.3717316e+01   9.4188370e+00
  -1.3580435e+01   9.5544529e+00
  -1.3440422e+01   9.6869790e+00
  -1.3297370e+01   9.8163361e+00
  -1.3151377e+01   9.9424468e+00
  -1.3002541e+01   1.0065235e+01
  -1.2850961e+01   1.0184627e+01
  -1.2696738e+01   1.0300550e+01
  -1.2539977e+01   1.0412933e+01
  -1.2380781e+01   1.0521708e+01
  -1.2219256e+01   1.0626810e+01
  -1.2055508e+01   1.0728173e+01
  -1.1889647e+01   1.0825737e+01
  -1.1721780e+01   1.0919442e+01
  -1.1552017e+01   1.1009232e+01
  -1.1380471e+01   1.1095053e+01
  -1.1207251e+01   1.1176854e+01
  -1.1032470e+01   1.1254587e+01
  -1.0856242e+01   1.1328206e+01
  -1.0678679e+01   1.1397670e+01
  -1.0499894e+01   1.1462940e+01
  -1.0320002e+01   1.1523981e+01
  -1.0139117e+01   1.1580758e+01
  -9.9573516e+00   1.1633245e+01
  -9.7748212e+00   1.1681414e+01
  -9.5916392e+00   1.1725245e+01
  -9.4079194e+00   1.1764719e+01
  -9.2237750e+00   1.1799821e+01
  -9.0393189e+00   1.1830541e+01
  -8.8546635e+00   1.1856870e+01
  -8.6699206e+00   1.1878806e+01
  -8.4852013e+00   1.1896348e+01
  -8.3006157e+00   1.1909503e+01
  -8.1162733e+00   1.1918276e+01
  -7.9322824e+00   1.1922682e+01
  -7.7487504e+00   1.1922736e+01
  -7.5657833e+00   1.1918459e+01
  -7.3834859e+00   1.1909874e+01
  -7.2019618e+00   1.1897010e+01
  -7.0213131e+00   1.1879899e+01
  -6.8416403e+00   1.1858578e+01
  -6.6630423e+00   1.1833087e+01
  -6.4856163e+00   1.1803470e+01
  -6.3094579e+00   1.1769776e+01
  -6.1346606e+00   1.1732057e+01
  -5.9613162e+00   1.1690370e+01
  -5.7895143e+00   1.1644774e+01
  -5.6193425e+00   1.1595334e+01
  -5.4508864e+00   1.1542117e+01
  -5.2842290e+00   1.1485196e+01
  -5.1194515e+00   1.1424646e+01
  -4.9566323e+00   1.1360545e+01
  -4.7958476e+00   1.1292977e+01
  -4.6371712e+00   1.1222028e+01
  -4.4806741e+00   1.1147788e+01
  -4.3264250e+00   1.1070350e+01
  -4.1744898e+00   1.0989810e+01
  -4.0249315e+00   1.0906267e+01
  -3.8778108e+00   1.0819826e+01
  -3.7331852e+00   1.0730591e+01
  -3.5911095e+00   1.0638671e+01
  -3.4516357e+00   1.0544178e+01
  -3.3148127e+00   1.0447226e+01
  -3.1806867e+00   1.0347932e+01
  -3.0493005e+00   1.0246416e+01
  -2.9206943e+00   1.0142798e+01
  -2.7949050e+00   1.0037205e+01
  -2.6719665e+00   9.9297599e+00
  -2.5519095e+00   9.8205927e+00
  -2.4347617e+00   9.7098329e+00
  -2.3205477e+00   9.5976121e+00
  -2.2092887e+00   9.4840635e+00
  -2.1010030e+00   9.3693219e+00
  -1.9957057e+00   9.2535232e+00
  -1.8934085e+00   9.1368043e+00
  -1.7941201e+00   9.0193035e+00
  -1.6978460e+00   8.9011596e+00
  -1.6045886e+00   8.7825122e+00
  -1.5143470e+00   8.6635013e+00
  -1.4271172e+00   8.5442675e+00
  -1.3428919e+00   8.4249515e+00
  -1.2616610e+00   8.3056939e+00
  -1.1834110e+00   8.1866355e+00
  -1.1081254e+00   8.0679166e+00
  -1.0357847e+00   7.9496772e+00
  -9.6636612e-01   7.8320567e+00
  -8.9984417e-01   7.7151936e+00
  -8.3619018e-01   7.5992258e+00
  -7.7537259e-01   7.4842899e+00
  -7.1735693e-01   7.3705214e+00
  -6.6210585e-01   7.2580544e+00
  -6.0957916e-01   7.1470215e+00
  -5.5973392e-01   7.0375534e+00
  -5.1252441e-01   6.9297794e+00
  -4.6790227e-01   6.8238264e+00
  -4.2581647e-01   6.7198194e+00
  -3.8621341e-01   6.6178810e+00
  -3.4903699e-01   6.5181315e+00
  -3.1422862e-01   6.4206885e+00
  -2.8172734e-01   6.3256670e+00
  -2.5146982e-01   6.2331790e+00
  -2.2339049e-01   6.1433338e+00
  -1.9742156e-01   6.0562374e+00
  -1.7349314e-01   5.9719925e+00
  -1.5153324e-01   5.8906986e+00
  -1.3146791e-01   5.8124517e+00
  -1.1322129e-01   5.7373442e+00
  -9.6715693e-02   5.6654648e+00
  -8.1871672e-02   5.5968984e+00
  -6.8608116e-02   5.5317261e+00
  -5.6842321e-02   5.4700247e+00
  -4.6490085e-02   5.4118672e+00
  -3.7465784e-02   5.3573224e+00
  -2.9682462e-02   5.3064547e+00
  -2.3051920e-02   5.2593242e+00
  -1.7484803e-02   5.2159867e+00
  -1.2890690e-02   5.1764933e+00
  -9.1781869e-03   5.1408908e+00
  -6.2550159e-03   5.1092213e+00
  -4.0281092e-03   5.0815223e+00
  -2.4037024e-03   5.0578264e+00
  -1.2874282e-03   5.0381617e+00
  -5.8441098e-04   5.0225514e+00
  -1.9936174e-04   5.0110141e+00
  -3.6673553e-05   5.0035634e+00
  -5.1709667e-07   5.0002080e+00
